"Variance"	"PositiveRate"	"analysisType"	"falsePos"	"id"	"trialNo"
"1.1"	0	0.0333333333333333	"PP"	0	1	1
"2.1"	0	0.05	"PP"	0	2	1
"3.1"	0	0	"PP"	0	3	1
"4.1"	0	0.05	"PP"	0	4	1
"5.1"	0	0.05	"PP"	0	5	1
"6.1"	0	0.05	"PP"	0	6	1
"7.1"	0	0.0333333333333333	"PP"	0	7	1
"8.1"	0	0.05	"PP"	0	8	1
"9.1"	0	0.05	"PP"	0	9	1
"10.1"	0	0.1	"PP"	0	10	1
"11.1"	0	0.05	"PP"	0	11	1
"12.1"	0	0.0666666666666667	"PP"	0	12	1
"13.1"	0	0.1	"PP"	0	13	1
"14.1"	0	0.05	"PP"	0	14	1
"15.1"	0	0.05	"PP"	0	15	1
"16.1"	0	0	"PP"	0	16	1
"17.1"	0	0.116666666666667	"PP"	0	17	1
"18.1"	0	0.0833333333333333	"PP"	0	18	1
"19.1"	0	0.0166666666666667	"PP"	0	19	1
"20.1"	0	0.05	"PP"	0	20	1
"21.1"	0.25	0.05	"PP"	0	21	1
"22.1"	0.25	0.05	"PP"	0	22	1
"23.1"	0.25	0.0166666666666667	"PP"	0	23	1
"24.1"	0.25	0.0666666666666667	"PP"	0	24	1
"25.1"	0.25	0.0833333333333333	"PP"	0	25	1
"26.1"	0.25	0.0333333333333333	"PP"	0	26	1
"27.1"	0.25	0.1	"PP"	0	27	1
"28.1"	0.25	0.0666666666666667	"PP"	0	28	1
"29.1"	0.25	0.0333333333333333	"PP"	0	29	1
"30.1"	0.25	0.05	"PP"	0	30	1
"31.1"	0.25	0	"PP"	0	31	1
"32.1"	0.25	0.0166666666666667	"PP"	0	32	1
"33.1"	0.25	0.0666666666666667	"PP"	0	33	1
"34.1"	0.25	0.0666666666666667	"PP"	0	34	1
"35.1"	0.25	0.0666666666666667	"PP"	0	35	1
"36.1"	0.25	0.0333333333333333	"PP"	0	36	1
"37.1"	0.25	0.0166666666666667	"PP"	0	37	1
"38.1"	0.25	0.0333333333333333	"PP"	0	38	1
"39.1"	0.25	0.0166666666666667	"PP"	0	39	1
"40.1"	0.25	0.0666666666666667	"PP"	0	40	1
"41.1"	0.5	0.0666666666666667	"PP"	0	41	1
"42.1"	0.5	0.0666666666666667	"PP"	0	42	1
"43.1"	0.5	0.116666666666667	"PP"	0	43	1
"44.1"	0.5	0	"PP"	0	44	1
"45.1"	0.5	0.0166666666666667	"PP"	0	45	1
"46.1"	0.5	0.0666666666666667	"PP"	0	46	1
"47.1"	0.5	0.1	"PP"	0	47	1
"48.1"	0.5	0.0666666666666667	"PP"	0	48	1
"49.1"	0.5	0.05	"PP"	0	49	1
"50.1"	0.5	0.05	"PP"	0	50	1
"51.1"	0.5	0.0333333333333333	"PP"	0	51	1
"52.1"	0.5	0.166666666666667	"PP"	0	52	1
"53.1"	0.5	0.0833333333333333	"PP"	0	53	1
"54.1"	0.5	0.05	"PP"	0	54	1
"55.1"	0.5	0.0333333333333333	"PP"	0	55	1
"56.1"	0.5	0.0666666666666667	"PP"	1	56	1
"57.1"	0.5	0.05	"PP"	0	57	1
"58.1"	0.5	0.116666666666667	"PP"	0	58	1
"59.1"	0.5	0.0666666666666667	"PP"	0	59	1
"60.1"	0.5	0.0166666666666667	"PP"	0	60	1
"61.1"	0.75	0.0166666666666667	"PP"	0	61	1
"62.1"	0.75	0.05	"PP"	0	62	1
"63.1"	0.75	0.05	"PP"	0	63	1
"64.1"	0.75	0	"PP"	0	64	1
"65.1"	0.75	0.0333333333333333	"PP"	0	65	1
"66.1"	0.75	0.0666666666666667	"PP"	0	66	1
"67.1"	0.75	0.0666666666666667	"PP"	0	67	1
"68.1"	0.75	0.0833333333333333	"PP"	0	68	1
"69.1"	0.75	0.0333333333333333	"PP"	0	69	1
"70.1"	0.75	0.0833333333333333	"PP"	0	70	1
"71.1"	0.75	0.166666666666667	"PP"	0	71	1
"72.1"	0.75	0.1	"PP"	0	72	1
"73.1"	0.75	0.05	"PP"	0	73	1
"74.1"	0.75	0.0333333333333333	"PP"	0	74	1
"75.1"	0.75	0.05	"PP"	0	75	1
"76.1"	0.75	0.0333333333333333	"PP"	0	76	1
"77.1"	0.75	0.05	"PP"	0	77	1
"78.1"	0.75	0.0166666666666667	"PP"	0	78	1
"79.1"	0.75	0.0833333333333333	"PP"	1	79	1
"80.1"	0.75	0	"PP"	0	80	1
"81.1"	1	0.0333333333333333	"PP"	0	81	1
"82.1"	1	0.0833333333333333	"PP"	0	82	1
"83.1"	1	0.0166666666666667	"PP"	0	83	1
"84.1"	1	0.0333333333333333	"PP"	0	84	1
"85.1"	1	0.0333333333333333	"PP"	0	85	1
"86.1"	1	0.0333333333333333	"PP"	0	86	1
"87.1"	1	0.05	"PP"	0	87	1
"88.1"	1	0.05	"PP"	0	88	1
"89.1"	1	0	"PP"	0	89	1
"90.1"	1	0.0166666666666667	"PP"	0	90	1
"91.1"	1	0.0333333333333333	"PP"	0	91	1
"92.1"	1	0.0666666666666667	"PP"	0	92	1
"93.1"	1	0.05	"PP"	0	93	1
"94.1"	1	0.0166666666666667	"PP"	0	94	1
"95.1"	1	0.1	"PP"	0	95	1
"96.1"	1	0.0333333333333333	"PP"	0	96	1
"97.1"	1	0	"PP"	0	97	1
"98.1"	1	0.0333333333333333	"PP"	0	98	1
"99.1"	1	0.05	"PP"	0	99	1
"100.1"	1	0	"PP"	0	100	1
"101.1"	0	0.0333333333333333	"PP"	0	101	1
"102.1"	0	0.05	"PP"	0	102	1
"103.1"	0	0	"PP"	0	103	1
"104.1"	0	0.0333333333333333	"PP"	0	104	1
"105.1"	0	0.05	"PP"	0	105	1
"106.1"	0	0.0333333333333333	"PP"	0	106	1
"107.1"	0	0.0333333333333333	"PP"	0	107	1
"108.1"	0	0.0333333333333333	"PP"	0	108	1
"109.1"	0	0.05	"PP"	0	109	1
"110.1"	0	0.0666666666666667	"PP"	0	110	1
"111.1"	0	0.0333333333333333	"PP"	0	111	1
"112.1"	0	0.05	"PP"	0	112	1
"113.1"	0	0.15	"PP"	0	113	1
"114.1"	0	0.0333333333333333	"PP"	0	114	1
"115.1"	0	0.05	"PP"	0	115	1
"116.1"	0	0	"PP"	0	116	1
"117.1"	0	0.1	"PP"	0	117	1
"118.1"	0	0.0666666666666667	"PP"	0	118	1
"119.1"	0	0.0166666666666667	"PP"	0	119	1
"120.1"	0	0.05	"PP"	0	120	1
"121.1"	0.25	0.05	"PP"	0	121	1
"122.1"	0.25	0.05	"PP"	0	122	1
"123.1"	0.25	0.0333333333333333	"PP"	0	123	1
"124.1"	0.25	0.0666666666666667	"PP"	0	124	1
"125.1"	0.25	0.116666666666667	"PP"	0	125	1
"126.1"	0.25	0.0666666666666667	"PP"	0	126	1
"127.1"	0.25	0.116666666666667	"PP"	0	127	1
"128.1"	0.25	0.05	"PP"	0	128	1
"129.1"	0.25	0.0333333333333333	"PP"	0	129	1
"130.1"	0.25	0.05	"PP"	0	130	1
"131.1"	0.25	0	"PP"	0	131	1
"132.1"	0.25	0.0166666666666667	"PP"	0	132	1
"133.1"	0.25	0.0666666666666667	"PP"	0	133	1
"134.1"	0.25	0.0833333333333333	"PP"	0	134	1
"135.1"	0.25	0.1	"PP"	0	135	1
"136.1"	0.25	0.0333333333333333	"PP"	0	136	1
"137.1"	0.25	0.0166666666666667	"PP"	0	137	1
"138.1"	0.25	0.05	"PP"	0	138	1
"139.1"	0.25	0.0166666666666667	"PP"	0	139	1
"140.1"	0.25	0.0666666666666667	"PP"	0	140	1
"141.1"	0.5	0.0666666666666667	"PP"	0	141	1
"142.1"	0.5	0.0833333333333333	"PP"	0	142	1
"143.1"	0.5	0.133333333333333	"PP"	0	143	1
"144.1"	0.5	0.0166666666666667	"PP"	0	144	1
"145.1"	0.5	0.0333333333333333	"PP"	0	145	1
"146.1"	0.5	0.0833333333333333	"PP"	0	146	1
"147.1"	0.5	0.1	"PP"	0	147	1
"148.1"	0.5	0.0666666666666667	"PP"	0	148	1
"149.1"	0.5	0.0833333333333333	"PP"	0	149	1
"150.1"	0.5	0.05	"PP"	0	150	1
"151.1"	0.5	0.05	"PP"	0	151	1
"152.1"	0.5	0.166666666666667	"PP"	0	152	1
"153.1"	0.5	0.0833333333333333	"PP"	0	153	1
"154.1"	0.5	0.05	"PP"	0	154	1
"155.1"	0.5	0.0333333333333333	"PP"	0	155	1
"156.1"	0.5	0.0833333333333333	"PP"	1	156	1
"157.1"	0.5	0.0666666666666667	"PP"	0	157	1
"158.1"	0.5	0.116666666666667	"PP"	0	158	1
"159.1"	0.5	0.0666666666666667	"PP"	0	159	1
"160.1"	0.5	0.0166666666666667	"PP"	0	160	1
"161.1"	0.75	0.0166666666666667	"PP"	0	161	1
"162.1"	0.75	0.05	"PP"	0	162	1
"163.1"	0.75	0.05	"PP"	0	163	1
"164.1"	0.75	0	"PP"	0	164	1
"165.1"	0.75	0.05	"PP"	0	165	1
"166.1"	0.75	0.0833333333333333	"PP"	0	166	1
"167.1"	0.75	0.0666666666666667	"PP"	0	167	1
"168.1"	0.75	0.0833333333333333	"PP"	0	168	1
"169.1"	0.75	0.0333333333333333	"PP"	0	169	1
"170.1"	0.75	0.1	"PP"	0	170	1
"171.1"	0.75	0.166666666666667	"PP"	0	171	1
"172.1"	0.75	0.133333333333333	"PP"	0	172	1
"173.1"	0.75	0.0666666666666667	"PP"	0	173	1
"174.1"	0.75	0.0333333333333333	"PP"	0	174	1
"175.1"	0.75	0.0666666666666667	"PP"	0	175	1
"176.1"	0.75	0.05	"PP"	0	176	1
"177.1"	0.75	0.05	"PP"	0	177	1
"178.1"	0.75	0.05	"PP"	0	178	1
"179.1"	0.75	0.0833333333333333	"PP"	1	179	1
"180.1"	0.75	0.0166666666666667	"PP"	0	180	1
"181.1"	1	0.05	"PP"	0	181	1
"182.1"	1	0.1	"PP"	0	182	1
"183.1"	1	0.05	"PP"	0	183	1
"184.1"	1	0.0333333333333333	"PP"	0	184	1
"185.1"	1	0.0333333333333333	"PP"	0	185	1
"186.1"	1	0.05	"PP"	0	186	1
"187.1"	1	0.0666666666666667	"PP"	0	187	1
"188.1"	1	0.05	"PP"	0	188	1
"189.1"	1	0	"PP"	0	189	1
"190.1"	1	0.0166666666666667	"PP"	0	190	1
"191.1"	1	0.05	"PP"	0	191	1
"192.1"	1	0.116666666666667	"PP"	0	192	1
"193.1"	1	0.0666666666666667	"PP"	0	193	1
"194.1"	1	0.0333333333333333	"PP"	0	194	1
"195.1"	1	0.116666666666667	"PP"	0	195	1
"196.1"	1	0.05	"PP"	0	196	1
"197.1"	1	0	"PP"	0	197	1
"198.1"	1	0.0333333333333333	"PP"	0	198	1
"199.1"	1	0.05	"PP"	0	199	1
"200.1"	1	0	"PP"	0	200	1
"201.1"	0	0.0333333333333333	"PP"	0	201	1
"202.1"	0	0.05	"PP"	0	202	1
"203.1"	0	0	"PP"	0	203	1
"204.1"	0	0	"PP"	0	204	1
"205.1"	0	0.0333333333333333	"PP"	0	205	1
"206.1"	0	0.0166666666666667	"PP"	0	206	1
"207.1"	0	0.0333333333333333	"PP"	0	207	1
"208.1"	0	0.0333333333333333	"PP"	0	208	1
"209.1"	0	0.0333333333333333	"PP"	0	209	1
"210.1"	0	0.0666666666666667	"PP"	0	210	1
"211.1"	0	0.0166666666666667	"PP"	0	211	1
"212.1"	0	0.0166666666666667	"PP"	0	212	1
"213.1"	0	0.0833333333333333	"PP"	0	213	1
"214.1"	0	0.0166666666666667	"PP"	0	214	1
"215.1"	0	0.05	"PP"	0	215	1
"216.1"	0	0	"PP"	0	216	1
"217.1"	0	0.1	"PP"	0	217	1
"218.1"	0	0.05	"PP"	0	218	1
"219.1"	0	0.0166666666666667	"PP"	0	219	1
"220.1"	0	0.05	"PP"	0	220	1
"221.1"	0.25	0.05	"PP"	0	221	1
"222.1"	0.25	0.0333333333333333	"PP"	0	222	1
"223.1"	0.25	0.0166666666666667	"PP"	0	223	1
"224.1"	0.25	0.0833333333333333	"PP"	0	224	1
"225.1"	0.25	0.116666666666667	"PP"	0	225	1
"226.1"	0.25	0.05	"PP"	0	226	1
"227.1"	0.25	0.1	"PP"	0	227	1
"228.1"	0.25	0.0666666666666667	"PP"	0	228	1
"229.1"	0.25	0.0166666666666667	"PP"	0	229	1
"230.1"	0.25	0.05	"PP"	0	230	1
"231.1"	0.25	0	"PP"	0	231	1
"232.1"	0.25	0.0166666666666667	"PP"	0	232	1
"233.1"	0.25	0.0833333333333333	"PP"	0	233	1
"234.1"	0.25	0.0833333333333333	"PP"	0	234	1
"235.1"	0.25	0.0833333333333333	"PP"	0	235	1
"236.1"	0.25	0.0333333333333333	"PP"	0	236	1
"237.1"	0.25	0.0333333333333333	"PP"	0	237	1
"238.1"	0.25	0.05	"PP"	0	238	1
"239.1"	0.25	0	"PP"	0	239	1
"240.1"	0.25	0.0666666666666667	"PP"	0	240	1
"241.1"	0.5	0.0666666666666667	"PP"	0	241	1
"242.1"	0.5	0.0666666666666667	"PP"	0	242	1
"243.1"	0.5	0.0833333333333333	"PP"	0	243	1
"244.1"	0.5	0.0333333333333333	"PP"	0	244	1
"245.1"	0.5	0.0666666666666667	"PP"	0	245	1
"246.1"	0.5	0.0833333333333333	"PP"	0	246	1
"247.1"	0.5	0.1	"PP"	0	247	1
"248.1"	0.5	0.0666666666666667	"PP"	0	248	1
"249.1"	0.5	0.0333333333333333	"PP"	0	249	1
"250.1"	0.5	0.05	"PP"	0	250	1
"251.1"	0.5	0.05	"PP"	0	251	1
"252.1"	0.5	0.166666666666667	"PP"	0	252	1
"253.1"	0.5	0.0666666666666667	"PP"	0	253	1
"254.1"	0.5	0.05	"PP"	0	254	1
"255.1"	0.5	0.0333333333333333	"PP"	0	255	1
"256.1"	0.5	0.0833333333333333	"PP"	1	256	1
"257.1"	0.5	0.0666666666666667	"PP"	0	257	1
"258.1"	0.5	0.133333333333333	"PP"	0	258	1
"259.1"	0.5	0.05	"PP"	0	259	1
"260.1"	0.5	0.0333333333333333	"PP"	0	260	1
"261.1"	0.75	0	"PP"	0	261	1
"262.1"	0.75	0.05	"PP"	0	262	1
"263.1"	0.75	0.0333333333333333	"PP"	0	263	1
"264.1"	0.75	0	"PP"	0	264	1
"265.1"	0.75	0.05	"PP"	0	265	1
"266.1"	0.75	0.05	"PP"	0	266	1
"267.1"	0.75	0.0666666666666667	"PP"	0	267	1
"268.1"	0.75	0.0666666666666667	"PP"	0	268	1
"269.1"	0.75	0.0333333333333333	"PP"	0	269	1
"270.1"	0.75	0.0833333333333333	"PP"	0	270	1
"271.1"	0.75	0.15	"PP"	0	271	1
"272.1"	0.75	0.0833333333333333	"PP"	0	272	1
"273.1"	0.75	0.05	"PP"	0	273	1
"274.1"	0.75	0.0333333333333333	"PP"	0	274	1
"275.1"	0.75	0.0666666666666667	"PP"	0	275	1
"276.1"	0.75	0.05	"PP"	0	276	1
"277.1"	0.75	0.05	"PP"	0	277	1
"278.1"	0.75	0.0166666666666667	"PP"	0	278	1
"279.1"	0.75	0.0666666666666667	"PP"	1	279	1
"280.1"	0.75	0	"PP"	0	280	1
"281.1"	1	0.0333333333333333	"PP"	0	281	1
"282.1"	1	0.1	"PP"	0	282	1
"283.1"	1	0.05	"PP"	0	283	1
"284.1"	1	0.0333333333333333	"PP"	0	284	1
"285.1"	1	0.0166666666666667	"PP"	0	285	1
"286.1"	1	0.0166666666666667	"PP"	0	286	1
"287.1"	1	0.0833333333333333	"PP"	0	287	1
"288.1"	1	0.0666666666666667	"PP"	0	288	1
"289.1"	1	0	"PP"	0	289	1
"290.1"	1	0.0166666666666667	"PP"	0	290	1
"291.1"	1	0.05	"PP"	0	291	1
"292.1"	1	0.116666666666667	"PP"	0	292	1
"293.1"	1	0.0166666666666667	"PP"	0	293	1
"294.1"	1	0.05	"PP"	0	294	1
"295.1"	1	0.1	"PP"	0	295	1
"296.1"	1	0.0666666666666667	"PP"	0	296	1
"297.1"	1	0.0166666666666667	"PP"	0	297	1
"298.1"	1	0.05	"PP"	0	298	1
"299.1"	1	0.0666666666666667	"PP"	0	299	1
"300.1"	1	0	"PP"	0	300	1
"301.1"	0	0	"PP"	0	301	1
"302.1"	0	0	"PP"	0	302	1
"303.1"	0	0	"PP"	0	303	1
"304.1"	0	0	"PP"	0	304	1
"305.1"	0	0	"PP"	0	305	1
"306.1"	0	0	"PP"	0	306	1
"307.1"	0	0	"PP"	0	307	1
"308.1"	0	0	"PP"	0	308	1
"309.1"	0	0	"PP"	0	309	1
"310.1"	0	0	"PP"	0	310	1
"311.1"	0	0	"PP"	0	311	1
"312.1"	0	0	"PP"	0	312	1
"313.1"	0	0	"PP"	0	313	1
"314.1"	0	0	"PP"	0	314	1
"315.1"	0	0	"PP"	0	315	1
"316.1"	0	0	"PP"	0	316	1
"317.1"	0	0	"PP"	0	317	1
"318.1"	0	0	"PP"	0	318	1
"319.1"	0	0	"PP"	0	319	1
"320.1"	0	0	"PP"	0	320	1
"321.1"	0.25	0	"PP"	0	321	1
"322.1"	0.25	0	"PP"	0	322	1
"323.1"	0.25	0	"PP"	0	323	1
"324.1"	0.25	0	"PP"	0	324	1
"325.1"	0.25	0	"PP"	0	325	1
"326.1"	0.25	0	"PP"	0	326	1
"327.1"	0.25	0	"PP"	0	327	1
"328.1"	0.25	0	"PP"	0	328	1
"329.1"	0.25	0	"PP"	0	329	1
"330.1"	0.25	0	"PP"	0	330	1
"331.1"	0.25	0	"PP"	0	331	1
"332.1"	0.25	0	"PP"	0	332	1
"333.1"	0.25	0	"PP"	0	333	1
"334.1"	0.25	0	"PP"	0	334	1
"335.1"	0.25	0	"PP"	0	335	1
"336.1"	0.25	0	"PP"	0	336	1
"337.1"	0.25	0	"PP"	0	337	1
"338.1"	0.25	0	"PP"	0	338	1
"339.1"	0.25	0	"PP"	0	339	1
"340.1"	0.25	0	"PP"	0	340	1
"341.1"	0.5	0	"PP"	0	341	1
"342.1"	0.5	0	"PP"	0	342	1
"343.1"	0.5	0	"PP"	0	343	1
"344.1"	0.5	0	"PP"	0	344	1
"345.1"	0.5	0	"PP"	0	345	1
"346.1"	0.5	0	"PP"	0	346	1
"347.1"	0.5	0	"PP"	0	347	1
"348.1"	0.5	0	"PP"	0	348	1
"349.1"	0.5	0	"PP"	0	349	1
"350.1"	0.5	0	"PP"	0	350	1
"351.1"	0.5	0	"PP"	0	351	1
"352.1"	0.5	0	"PP"	0	352	1
"353.1"	0.5	0	"PP"	0	353	1
"354.1"	0.5	0	"PP"	0	354	1
"355.1"	0.5	0	"PP"	0	355	1
"356.1"	0.5	1	"PP"	1	356	1
"357.1"	0.5	0	"PP"	0	357	1
"358.1"	0.5	0	"PP"	0	358	1
"359.1"	0.5	0	"PP"	0	359	1
"360.1"	0.5	0	"PP"	0	360	1
"361.1"	0.75	0	"PP"	0	361	1
"362.1"	0.75	0	"PP"	0	362	1
"363.1"	0.75	0	"PP"	0	363	1
"364.1"	0.75	0	"PP"	0	364	1
"365.1"	0.75	0	"PP"	0	365	1
"366.1"	0.75	0	"PP"	0	366	1
"367.1"	0.75	0	"PP"	0	367	1
"368.1"	0.75	0	"PP"	0	368	1
"369.1"	0.75	0	"PP"	0	369	1
"370.1"	0.75	0	"PP"	0	370	1
"371.1"	0.75	0	"PP"	0	371	1
"372.1"	0.75	0	"PP"	0	372	1
"373.1"	0.75	0	"PP"	0	373	1
"374.1"	0.75	0	"PP"	0	374	1
"375.1"	0.75	0	"PP"	0	375	1
"376.1"	0.75	0	"PP"	0	376	1
"377.1"	0.75	0	"PP"	0	377	1
"378.1"	0.75	0	"PP"	0	378	1
"379.1"	0.75	1	"PP"	1	379	1
"380.1"	0.75	0	"PP"	0	380	1
"381.1"	1	0	"PP"	0	381	1
"382.1"	1	0	"PP"	0	382	1
"383.1"	1	0	"PP"	0	383	1
"384.1"	1	0	"PP"	0	384	1
"385.1"	1	0	"PP"	0	385	1
"386.1"	1	0	"PP"	0	386	1
"387.1"	1	0	"PP"	0	387	1
"388.1"	1	0	"PP"	0	388	1
"389.1"	1	0	"PP"	0	389	1
"390.1"	1	0	"PP"	0	390	1
"391.1"	1	0	"PP"	0	391	1
"392.1"	1	0	"PP"	0	392	1
"393.1"	1	0	"PP"	0	393	1
"394.1"	1	0	"PP"	0	394	1
"395.1"	1	0	"PP"	0	395	1
"396.1"	1	0	"PP"	0	396	1
"397.1"	1	0	"PP"	0	397	1
"398.1"	1	0	"PP"	0	398	1
"399.1"	1	0	"PP"	0	399	1
"400.1"	1	0	"PP"	0	400	1
"401.1"	0	0	"PP"	0	401	1
"402.1"	0	0	"PP"	0	402	1
"403.1"	0	0	"PP"	0	403	1
"404.1"	0	0	"PP"	0	404	1
"405.1"	0	0	"PP"	0	405	1
"406.1"	0	0	"PP"	0	406	1
"407.1"	0	0	"PP"	0	407	1
"408.1"	0	0	"PP"	0	408	1
"409.1"	0	0	"PP"	0	409	1
"410.1"	0	0	"PP"	0	410	1
"411.1"	0	0	"PP"	0	411	1
"412.1"	0	0	"PP"	0	412	1
"413.1"	0	0	"PP"	0	413	1
"414.1"	0	0	"PP"	0	414	1
"415.1"	0	0	"PP"	0	415	1
"416.1"	0	0	"PP"	0	416	1
"417.1"	0	0	"PP"	0	417	1
"418.1"	0	0	"PP"	0	418	1
"419.1"	0	0	"PP"	0	419	1
"420.1"	0	0	"PP"	0	420	1
"421.1"	0.25	0	"PP"	0	421	1
"422.1"	0.25	0	"PP"	0	422	1
"423.1"	0.25	0	"PP"	0	423	1
"424.1"	0.25	0	"PP"	0	424	1
"425.1"	0.25	0	"PP"	0	425	1
"426.1"	0.25	0	"PP"	0	426	1
"427.1"	0.25	0	"PP"	0	427	1
"428.1"	0.25	0	"PP"	0	428	1
"429.1"	0.25	0	"PP"	0	429	1
"430.1"	0.25	0	"PP"	0	430	1
"431.1"	0.25	0	"PP"	0	431	1
"432.1"	0.25	0	"PP"	0	432	1
"433.1"	0.25	0	"PP"	0	433	1
"434.1"	0.25	0	"PP"	0	434	1
"435.1"	0.25	0	"PP"	0	435	1
"436.1"	0.25	0	"PP"	0	436	1
"437.1"	0.25	0	"PP"	0	437	1
"438.1"	0.25	0	"PP"	0	438	1
"439.1"	0.25	0	"PP"	0	439	1
"440.1"	0.25	0	"PP"	0	440	1
"441.1"	0.5	0	"PP"	0	441	1
"442.1"	0.5	0	"PP"	0	442	1
"443.1"	0.5	0	"PP"	0	443	1
"444.1"	0.5	0	"PP"	0	444	1
"445.1"	0.5	0	"PP"	0	445	1
"446.1"	0.5	0	"PP"	0	446	1
"447.1"	0.5	0	"PP"	0	447	1
"448.1"	0.5	0	"PP"	0	448	1
"449.1"	0.5	0	"PP"	0	449	1
"450.1"	0.5	0	"PP"	0	450	1
"451.1"	0.5	0	"PP"	0	451	1
"452.1"	0.5	0	"PP"	0	452	1
"453.1"	0.5	0	"PP"	0	453	1
"454.1"	0.5	0	"PP"	0	454	1
"455.1"	0.5	0	"PP"	0	455	1
"456.1"	0.5	1	"PP"	1	456	1
"457.1"	0.5	0	"PP"	0	457	1
"458.1"	0.5	0	"PP"	0	458	1
"459.1"	0.5	0	"PP"	0	459	1
"460.1"	0.5	0	"PP"	0	460	1
"461.1"	0.75	0	"PP"	0	461	1
"462.1"	0.75	0	"PP"	0	462	1
"463.1"	0.75	0	"PP"	0	463	1
"464.1"	0.75	0	"PP"	0	464	1
"465.1"	0.75	0	"PP"	0	465	1
"466.1"	0.75	0	"PP"	0	466	1
"467.1"	0.75	0	"PP"	0	467	1
"468.1"	0.75	0	"PP"	0	468	1
"469.1"	0.75	0	"PP"	0	469	1
"470.1"	0.75	0	"PP"	0	470	1
"471.1"	0.75	0	"PP"	0	471	1
"472.1"	0.75	0	"PP"	0	472	1
"473.1"	0.75	0	"PP"	0	473	1
"474.1"	0.75	0	"PP"	0	474	1
"475.1"	0.75	0	"PP"	0	475	1
"476.1"	0.75	0	"PP"	0	476	1
"477.1"	0.75	0	"PP"	0	477	1
"478.1"	0.75	0	"PP"	0	478	1
"479.1"	0.75	0	"PP"	1	479	1
"480.1"	0.75	0	"PP"	0	480	1
"481.1"	1	0	"PP"	0	481	1
"482.1"	1	0	"PP"	0	482	1
"483.1"	1	0	"PP"	0	483	1
"484.1"	1	0	"PP"	0	484	1
"485.1"	1	0	"PP"	0	485	1
"486.1"	1	0	"PP"	0	486	1
"487.1"	1	0	"PP"	0	487	1
"488.1"	1	0	"PP"	0	488	1
"489.1"	1	0	"PP"	0	489	1
"490.1"	1	0	"PP"	0	490	1
"491.1"	1	0	"PP"	0	491	1
"492.1"	1	0	"PP"	0	492	1
"493.1"	1	0	"PP"	0	493	1
"494.1"	1	0	"PP"	0	494	1
"495.1"	1	0	"PP"	0	495	1
"496.1"	1	0	"PP"	0	496	1
"497.1"	1	0	"PP"	0	497	1
"498.1"	1	0	"PP"	0	498	1
"499.1"	1	0	"PP"	0	499	1
"500.1"	1	0	"PP"	0	500	1
"1.2"	0	0.0333333333333333	"megaBglmm"	0	1	1
"2.2"	0	0.05	"megaBglmm"	0	2	1
"3.2"	0	0	"megaBglmm"	0	3	1
"4.2"	0	0.05	"megaBglmm"	0	4	1
"5.2"	0	0.05	"megaBglmm"	0	5	1
"6.2"	0	0.05	"megaBglmm"	0	6	1
"7.2"	0	0.0333333333333333	"megaBglmm"	0	7	1
"8.2"	0	0.05	"megaBglmm"	0	8	1
"9.2"	0	0.05	"megaBglmm"	0	9	1
"10.2"	0	0.1	"megaBglmm"	0	10	1
"11.2"	0	0.05	"megaBglmm"	0	11	1
"12.2"	0	0.0666666666666667	"megaBglmm"	0	12	1
"13.2"	0	0.1	"megaBglmm"	0	13	1
"14.2"	0	0.05	"megaBglmm"	0	14	1
"15.2"	0	0.05	"megaBglmm"	0	15	1
"16.2"	0	0	"megaBglmm"	0	16	1
"17.2"	0	0.116666666666667	"megaBglmm"	0	17	1
"18.2"	0	0.0833333333333333	"megaBglmm"	0	18	1
"19.2"	0	0.0166666666666667	"megaBglmm"	0	19	1
"20.2"	0	0.05	"megaBglmm"	0	20	1
"21.2"	0.25	0.05	"megaBglmm"	0	21	1
"22.2"	0.25	0.05	"megaBglmm"	0	22	1
"23.2"	0.25	0.0166666666666667	"megaBglmm"	0	23	1
"24.2"	0.25	0.0666666666666667	"megaBglmm"	0	24	1
"25.2"	0.25	0.0833333333333333	"megaBglmm"	0	25	1
"26.2"	0.25	0.0333333333333333	"megaBglmm"	0	26	1
"27.2"	0.25	0.1	"megaBglmm"	0	27	1
"28.2"	0.25	0.0666666666666667	"megaBglmm"	0	28	1
"29.2"	0.25	0.0333333333333333	"megaBglmm"	0	29	1
"30.2"	0.25	0.05	"megaBglmm"	0	30	1
"31.2"	0.25	0	"megaBglmm"	0	31	1
"32.2"	0.25	0.0166666666666667	"megaBglmm"	0	32	1
"33.2"	0.25	0.0666666666666667	"megaBglmm"	0	33	1
"34.2"	0.25	0.0666666666666667	"megaBglmm"	0	34	1
"35.2"	0.25	0.0666666666666667	"megaBglmm"	0	35	1
"36.2"	0.25	0.0333333333333333	"megaBglmm"	0	36	1
"37.2"	0.25	0.0166666666666667	"megaBglmm"	0	37	1
"38.2"	0.25	0.0333333333333333	"megaBglmm"	0	38	1
"39.2"	0.25	0.0166666666666667	"megaBglmm"	0	39	1
"40.2"	0.25	0.0666666666666667	"megaBglmm"	0	40	1
"41.2"	0.5	0.0666666666666667	"megaBglmm"	0	41	1
"42.2"	0.5	0.0666666666666667	"megaBglmm"	0	42	1
"43.2"	0.5	0.116666666666667	"megaBglmm"	0	43	1
"44.2"	0.5	0	"megaBglmm"	0	44	1
"45.2"	0.5	0.0166666666666667	"megaBglmm"	0	45	1
"46.2"	0.5	0.0666666666666667	"megaBglmm"	0	46	1
"47.2"	0.5	0.1	"megaBglmm"	0	47	1
"48.2"	0.5	0.0666666666666667	"megaBglmm"	0	48	1
"49.2"	0.5	0.05	"megaBglmm"	0	49	1
"50.2"	0.5	0.05	"megaBglmm"	0	50	1
"51.2"	0.5	0.0333333333333333	"megaBglmm"	0	51	1
"52.2"	0.5	0.166666666666667	"megaBglmm"	0	52	1
"53.2"	0.5	0.0833333333333333	"megaBglmm"	0	53	1
"54.2"	0.5	0.05	"megaBglmm"	0	54	1
"55.2"	0.5	0.0333333333333333	"megaBglmm"	0	55	1
"56.2"	0.5	0.0666666666666667	"megaBglmm"	1	56	1
"57.2"	0.5	0.05	"megaBglmm"	0	57	1
"58.2"	0.5	0.116666666666667	"megaBglmm"	0	58	1
"59.2"	0.5	0.0666666666666667	"megaBglmm"	0	59	1
"60.2"	0.5	0.0166666666666667	"megaBglmm"	0	60	1
"61.2"	0.75	0.0166666666666667	"megaBglmm"	0	61	1
"62.2"	0.75	0.05	"megaBglmm"	0	62	1
"63.2"	0.75	0.05	"megaBglmm"	0	63	1
"64.2"	0.75	0	"megaBglmm"	0	64	1
"65.2"	0.75	0.0333333333333333	"megaBglmm"	0	65	1
"66.2"	0.75	0.0666666666666667	"megaBglmm"	0	66	1
"67.2"	0.75	0.0666666666666667	"megaBglmm"	0	67	1
"68.2"	0.75	0.0833333333333333	"megaBglmm"	0	68	1
"69.2"	0.75	0.0333333333333333	"megaBglmm"	0	69	1
"70.2"	0.75	0.0833333333333333	"megaBglmm"	0	70	1
"71.2"	0.75	0.166666666666667	"megaBglmm"	0	71	1
"72.2"	0.75	0.1	"megaBglmm"	0	72	1
"73.2"	0.75	0.05	"megaBglmm"	0	73	1
"74.2"	0.75	0.0333333333333333	"megaBglmm"	0	74	1
"75.2"	0.75	0.05	"megaBglmm"	0	75	1
"76.2"	0.75	0.0333333333333333	"megaBglmm"	0	76	1
"77.2"	0.75	0.05	"megaBglmm"	0	77	1
"78.2"	0.75	0.0166666666666667	"megaBglmm"	0	78	1
"79.2"	0.75	0.0833333333333333	"megaBglmm"	0	79	1
"80.2"	0.75	0	"megaBglmm"	0	80	1
"81.2"	1	0.0333333333333333	"megaBglmm"	0	81	1
"82.2"	1	0.0833333333333333	"megaBglmm"	0	82	1
"83.2"	1	0.0166666666666667	"megaBglmm"	0	83	1
"84.2"	1	0.0333333333333333	"megaBglmm"	0	84	1
"85.2"	1	0.0333333333333333	"megaBglmm"	0	85	1
"86.2"	1	0.0333333333333333	"megaBglmm"	0	86	1
"87.2"	1	0.05	"megaBglmm"	0	87	1
"88.2"	1	0.05	"megaBglmm"	0	88	1
"89.2"	1	0	"megaBglmm"	0	89	1
"90.2"	1	0.0166666666666667	"megaBglmm"	0	90	1
"91.2"	1	0.0333333333333333	"megaBglmm"	0	91	1
"92.2"	1	0.0666666666666667	"megaBglmm"	0	92	1
"93.2"	1	0.05	"megaBglmm"	0	93	1
"94.2"	1	0.0166666666666667	"megaBglmm"	0	94	1
"95.2"	1	0.1	"megaBglmm"	0	95	1
"96.2"	1	0.0333333333333333	"megaBglmm"	0	96	1
"97.2"	1	0	"megaBglmm"	0	97	1
"98.2"	1	0.0333333333333333	"megaBglmm"	0	98	1
"99.2"	1	0.05	"megaBglmm"	0	99	1
"100.2"	1	0	"megaBglmm"	0	100	1
"101.2"	0	0.0333333333333333	"megaBglmm"	0	101	1
"102.2"	0	0.05	"megaBglmm"	0	102	1
"103.2"	0	0	"megaBglmm"	0	103	1
"104.2"	0	0.0333333333333333	"megaBglmm"	0	104	1
"105.2"	0	0.05	"megaBglmm"	0	105	1
"106.2"	0	0.0333333333333333	"megaBglmm"	0	106	1
"107.2"	0	0.0333333333333333	"megaBglmm"	0	107	1
"108.2"	0	0.0333333333333333	"megaBglmm"	0	108	1
"109.2"	0	0.05	"megaBglmm"	0	109	1
"110.2"	0	0.0666666666666667	"megaBglmm"	0	110	1
"111.2"	0	0.0333333333333333	"megaBglmm"	0	111	1
"112.2"	0	0.05	"megaBglmm"	0	112	1
"113.2"	0	0.15	"megaBglmm"	0	113	1
"114.2"	0	0.0333333333333333	"megaBglmm"	0	114	1
"115.2"	0	0.05	"megaBglmm"	0	115	1
"116.2"	0	0	"megaBglmm"	0	116	1
"117.2"	0	0.1	"megaBglmm"	0	117	1
"118.2"	0	0.0666666666666667	"megaBglmm"	0	118	1
"119.2"	0	0.0166666666666667	"megaBglmm"	0	119	1
"120.2"	0	0.05	"megaBglmm"	0	120	1
"121.2"	0.25	0.05	"megaBglmm"	0	121	1
"122.2"	0.25	0.05	"megaBglmm"	0	122	1
"123.2"	0.25	0.0333333333333333	"megaBglmm"	0	123	1
"124.2"	0.25	0.0666666666666667	"megaBglmm"	0	124	1
"125.2"	0.25	0.116666666666667	"megaBglmm"	0	125	1
"126.2"	0.25	0.0666666666666667	"megaBglmm"	0	126	1
"127.2"	0.25	0.116666666666667	"megaBglmm"	0	127	1
"128.2"	0.25	0.05	"megaBglmm"	0	128	1
"129.2"	0.25	0.0333333333333333	"megaBglmm"	0	129	1
"130.2"	0.25	0.05	"megaBglmm"	0	130	1
"131.2"	0.25	0	"megaBglmm"	0	131	1
"132.2"	0.25	0.0166666666666667	"megaBglmm"	0	132	1
"133.2"	0.25	0.0666666666666667	"megaBglmm"	0	133	1
"134.2"	0.25	0.0833333333333333	"megaBglmm"	0	134	1
"135.2"	0.25	0.1	"megaBglmm"	0	135	1
"136.2"	0.25	0.0333333333333333	"megaBglmm"	0	136	1
"137.2"	0.25	0.0166666666666667	"megaBglmm"	0	137	1
"138.2"	0.25	0.05	"megaBglmm"	0	138	1
"139.2"	0.25	0.0166666666666667	"megaBglmm"	0	139	1
"140.2"	0.25	0.0666666666666667	"megaBglmm"	0	140	1
"141.2"	0.5	0.0666666666666667	"megaBglmm"	0	141	1
"142.2"	0.5	0.0833333333333333	"megaBglmm"	0	142	1
"143.2"	0.5	0.133333333333333	"megaBglmm"	0	143	1
"144.2"	0.5	0.0166666666666667	"megaBglmm"	0	144	1
"145.2"	0.5	0.0333333333333333	"megaBglmm"	0	145	1
"146.2"	0.5	0.0833333333333333	"megaBglmm"	0	146	1
"147.2"	0.5	0.1	"megaBglmm"	0	147	1
"148.2"	0.5	0.0666666666666667	"megaBglmm"	0	148	1
"149.2"	0.5	0.0833333333333333	"megaBglmm"	0	149	1
"150.2"	0.5	0.05	"megaBglmm"	0	150	1
"151.2"	0.5	0.05	"megaBglmm"	0	151	1
"152.2"	0.5	0.166666666666667	"megaBglmm"	0	152	1
"153.2"	0.5	0.0833333333333333	"megaBglmm"	0	153	1
"154.2"	0.5	0.05	"megaBglmm"	0	154	1
"155.2"	0.5	0.0333333333333333	"megaBglmm"	0	155	1
"156.2"	0.5	0.0833333333333333	"megaBglmm"	1	156	1
"157.2"	0.5	0.0666666666666667	"megaBglmm"	0	157	1
"158.2"	0.5	0.116666666666667	"megaBglmm"	0	158	1
"159.2"	0.5	0.0666666666666667	"megaBglmm"	0	159	1
"160.2"	0.5	0.0166666666666667	"megaBglmm"	0	160	1
"161.2"	0.75	0.0166666666666667	"megaBglmm"	0	161	1
"162.2"	0.75	0.05	"megaBglmm"	0	162	1
"163.2"	0.75	0.05	"megaBglmm"	0	163	1
"164.2"	0.75	0	"megaBglmm"	0	164	1
"165.2"	0.75	0.05	"megaBglmm"	0	165	1
"166.2"	0.75	0.0833333333333333	"megaBglmm"	0	166	1
"167.2"	0.75	0.0666666666666667	"megaBglmm"	0	167	1
"168.2"	0.75	0.0833333333333333	"megaBglmm"	0	168	1
"169.2"	0.75	0.0333333333333333	"megaBglmm"	0	169	1
"170.2"	0.75	0.1	"megaBglmm"	0	170	1
"171.2"	0.75	0.166666666666667	"megaBglmm"	0	171	1
"172.2"	0.75	0.133333333333333	"megaBglmm"	0	172	1
"173.2"	0.75	0.0666666666666667	"megaBglmm"	0	173	1
"174.2"	0.75	0.0333333333333333	"megaBglmm"	0	174	1
"175.2"	0.75	0.0666666666666667	"megaBglmm"	0	175	1
"176.2"	0.75	0.05	"megaBglmm"	0	176	1
"177.2"	0.75	0.05	"megaBglmm"	0	177	1
"178.2"	0.75	0.05	"megaBglmm"	0	178	1
"179.2"	0.75	0.0833333333333333	"megaBglmm"	0	179	1
"180.2"	0.75	0.0166666666666667	"megaBglmm"	0	180	1
"181.2"	1	0.05	"megaBglmm"	0	181	1
"182.2"	1	0.1	"megaBglmm"	0	182	1
"183.2"	1	0.05	"megaBglmm"	0	183	1
"184.2"	1	0.0333333333333333	"megaBglmm"	0	184	1
"185.2"	1	0.0333333333333333	"megaBglmm"	0	185	1
"186.2"	1	0.05	"megaBglmm"	0	186	1
"187.2"	1	0.0666666666666667	"megaBglmm"	0	187	1
"188.2"	1	0.05	"megaBglmm"	0	188	1
"189.2"	1	0	"megaBglmm"	0	189	1
"190.2"	1	0.0166666666666667	"megaBglmm"	0	190	1
"191.2"	1	0.05	"megaBglmm"	0	191	1
"192.2"	1	0.116666666666667	"megaBglmm"	0	192	1
"193.2"	1	0.0666666666666667	"megaBglmm"	0	193	1
"194.2"	1	0.0333333333333333	"megaBglmm"	0	194	1
"195.2"	1	0.116666666666667	"megaBglmm"	0	195	1
"196.2"	1	0.05	"megaBglmm"	0	196	1
"197.2"	1	0	"megaBglmm"	0	197	1
"198.2"	1	0.0333333333333333	"megaBglmm"	0	198	1
"199.2"	1	0.05	"megaBglmm"	0	199	1
"200.2"	1	0	"megaBglmm"	0	200	1
"201.2"	0	0.0333333333333333	"megaBglmm"	0	201	1
"202.2"	0	0.05	"megaBglmm"	0	202	1
"203.2"	0	0	"megaBglmm"	0	203	1
"204.2"	0	0	"megaBglmm"	0	204	1
"205.2"	0	0.0333333333333333	"megaBglmm"	0	205	1
"206.2"	0	0.0166666666666667	"megaBglmm"	0	206	1
"207.2"	0	0.0333333333333333	"megaBglmm"	0	207	1
"208.2"	0	0.0333333333333333	"megaBglmm"	0	208	1
"209.2"	0	0.0333333333333333	"megaBglmm"	0	209	1
"210.2"	0	0.0666666666666667	"megaBglmm"	0	210	1
"211.2"	0	0.0166666666666667	"megaBglmm"	0	211	1
"212.2"	0	0.0166666666666667	"megaBglmm"	0	212	1
"213.2"	0	0.0833333333333333	"megaBglmm"	0	213	1
"214.2"	0	0.0166666666666667	"megaBglmm"	0	214	1
"215.2"	0	0.05	"megaBglmm"	0	215	1
"216.2"	0	0	"megaBglmm"	0	216	1
"217.2"	0	0.1	"megaBglmm"	0	217	1
"218.2"	0	0.05	"megaBglmm"	0	218	1
"219.2"	0	0.0166666666666667	"megaBglmm"	0	219	1
"220.2"	0	0.05	"megaBglmm"	0	220	1
"221.2"	0.25	0.05	"megaBglmm"	0	221	1
"222.2"	0.25	0.0333333333333333	"megaBglmm"	0	222	1
"223.2"	0.25	0.0166666666666667	"megaBglmm"	0	223	1
"224.2"	0.25	0.0833333333333333	"megaBglmm"	0	224	1
"225.2"	0.25	0.116666666666667	"megaBglmm"	0	225	1
"226.2"	0.25	0.05	"megaBglmm"	0	226	1
"227.2"	0.25	0.1	"megaBglmm"	0	227	1
"228.2"	0.25	0.0666666666666667	"megaBglmm"	0	228	1
"229.2"	0.25	0.0166666666666667	"megaBglmm"	0	229	1
"230.2"	0.25	0.05	"megaBglmm"	0	230	1
"231.2"	0.25	0	"megaBglmm"	0	231	1
"232.2"	0.25	0.0166666666666667	"megaBglmm"	0	232	1
"233.2"	0.25	0.0833333333333333	"megaBglmm"	0	233	1
"234.2"	0.25	0.0833333333333333	"megaBglmm"	0	234	1
"235.2"	0.25	0.0833333333333333	"megaBglmm"	0	235	1
"236.2"	0.25	0.0333333333333333	"megaBglmm"	0	236	1
"237.2"	0.25	0.0333333333333333	"megaBglmm"	0	237	1
"238.2"	0.25	0.05	"megaBglmm"	0	238	1
"239.2"	0.25	0	"megaBglmm"	0	239	1
"240.2"	0.25	0.0666666666666667	"megaBglmm"	0	240	1
"241.2"	0.5	0.0666666666666667	"megaBglmm"	0	241	1
"242.2"	0.5	0.0666666666666667	"megaBglmm"	0	242	1
"243.2"	0.5	0.0833333333333333	"megaBglmm"	0	243	1
"244.2"	0.5	0.0333333333333333	"megaBglmm"	0	244	1
"245.2"	0.5	0.0666666666666667	"megaBglmm"	0	245	1
"246.2"	0.5	0.0833333333333333	"megaBglmm"	0	246	1
"247.2"	0.5	0.1	"megaBglmm"	0	247	1
"248.2"	0.5	0.0666666666666667	"megaBglmm"	0	248	1
"249.2"	0.5	0.0333333333333333	"megaBglmm"	0	249	1
"250.2"	0.5	0.05	"megaBglmm"	0	250	1
"251.2"	0.5	0.05	"megaBglmm"	0	251	1
"252.2"	0.5	0.166666666666667	"megaBglmm"	0	252	1
"253.2"	0.5	0.0666666666666667	"megaBglmm"	0	253	1
"254.2"	0.5	0.05	"megaBglmm"	0	254	1
"255.2"	0.5	0.0333333333333333	"megaBglmm"	0	255	1
"256.2"	0.5	0.0833333333333333	"megaBglmm"	1	256	1
"257.2"	0.5	0.0666666666666667	"megaBglmm"	0	257	1
"258.2"	0.5	0.133333333333333	"megaBglmm"	0	258	1
"259.2"	0.5	0.05	"megaBglmm"	0	259	1
"260.2"	0.5	0.0333333333333333	"megaBglmm"	0	260	1
"261.2"	0.75	0	"megaBglmm"	0	261	1
"262.2"	0.75	0.05	"megaBglmm"	0	262	1
"263.2"	0.75	0.0333333333333333	"megaBglmm"	0	263	1
"264.2"	0.75	0	"megaBglmm"	0	264	1
"265.2"	0.75	0.05	"megaBglmm"	0	265	1
"266.2"	0.75	0.05	"megaBglmm"	0	266	1
"267.2"	0.75	0.0666666666666667	"megaBglmm"	0	267	1
"268.2"	0.75	0.0666666666666667	"megaBglmm"	0	268	1
"269.2"	0.75	0.0333333333333333	"megaBglmm"	0	269	1
"270.2"	0.75	0.0833333333333333	"megaBglmm"	0	270	1
"271.2"	0.75	0.15	"megaBglmm"	0	271	1
"272.2"	0.75	0.0833333333333333	"megaBglmm"	0	272	1
"273.2"	0.75	0.05	"megaBglmm"	0	273	1
"274.2"	0.75	0.0333333333333333	"megaBglmm"	0	274	1
"275.2"	0.75	0.0666666666666667	"megaBglmm"	0	275	1
"276.2"	0.75	0.05	"megaBglmm"	0	276	1
"277.2"	0.75	0.05	"megaBglmm"	0	277	1
"278.2"	0.75	0.0166666666666667	"megaBglmm"	0	278	1
"279.2"	0.75	0.0666666666666667	"megaBglmm"	0	279	1
"280.2"	0.75	0	"megaBglmm"	0	280	1
"281.2"	1	0.0333333333333333	"megaBglmm"	0	281	1
"282.2"	1	0.1	"megaBglmm"	0	282	1
"283.2"	1	0.05	"megaBglmm"	0	283	1
"284.2"	1	0.0333333333333333	"megaBglmm"	0	284	1
"285.2"	1	0.0166666666666667	"megaBglmm"	0	285	1
"286.2"	1	0.0166666666666667	"megaBglmm"	0	286	1
"287.2"	1	0.0833333333333333	"megaBglmm"	0	287	1
"288.2"	1	0.0666666666666667	"megaBglmm"	0	288	1
"289.2"	1	0	"megaBglmm"	0	289	1
"290.2"	1	0.0166666666666667	"megaBglmm"	0	290	1
"291.2"	1	0.05	"megaBglmm"	0	291	1
"292.2"	1	0.116666666666667	"megaBglmm"	0	292	1
"293.2"	1	0.0166666666666667	"megaBglmm"	0	293	1
"294.2"	1	0.05	"megaBglmm"	0	294	1
"295.2"	1	0.1	"megaBglmm"	0	295	1
"296.2"	1	0.0666666666666667	"megaBglmm"	0	296	1
"297.2"	1	0.0166666666666667	"megaBglmm"	0	297	1
"298.2"	1	0.05	"megaBglmm"	0	298	1
"299.2"	1	0.0666666666666667	"megaBglmm"	0	299	1
"300.2"	1	0	"megaBglmm"	0	300	1
"301.2"	0	0	"megaBglmm"	0	301	1
"302.2"	0	0	"megaBglmm"	0	302	1
"303.2"	0	0	"megaBglmm"	0	303	1
"304.2"	0	0	"megaBglmm"	0	304	1
"305.2"	0	0	"megaBglmm"	0	305	1
"306.2"	0	0	"megaBglmm"	0	306	1
"307.2"	0	0	"megaBglmm"	0	307	1
"308.2"	0	0	"megaBglmm"	0	308	1
"309.2"	0	0	"megaBglmm"	0	309	1
"310.2"	0	0	"megaBglmm"	0	310	1
"311.2"	0	0	"megaBglmm"	0	311	1
"312.2"	0	0	"megaBglmm"	0	312	1
"313.2"	0	0	"megaBglmm"	0	313	1
"314.2"	0	0	"megaBglmm"	0	314	1
"315.2"	0	0	"megaBglmm"	0	315	1
"316.2"	0	0	"megaBglmm"	0	316	1
"317.2"	0	0	"megaBglmm"	0	317	1
"318.2"	0	0	"megaBglmm"	0	318	1
"319.2"	0	0	"megaBglmm"	0	319	1
"320.2"	0	0	"megaBglmm"	0	320	1
"321.2"	0.25	0	"megaBglmm"	0	321	1
"322.2"	0.25	0	"megaBglmm"	0	322	1
"323.2"	0.25	0	"megaBglmm"	0	323	1
"324.2"	0.25	0	"megaBglmm"	0	324	1
"325.2"	0.25	0	"megaBglmm"	0	325	1
"326.2"	0.25	0	"megaBglmm"	0	326	1
"327.2"	0.25	0	"megaBglmm"	0	327	1
"328.2"	0.25	0	"megaBglmm"	0	328	1
"329.2"	0.25	0	"megaBglmm"	0	329	1
"330.2"	0.25	0	"megaBglmm"	0	330	1
"331.2"	0.25	0	"megaBglmm"	0	331	1
"332.2"	0.25	0	"megaBglmm"	0	332	1
"333.2"	0.25	0	"megaBglmm"	0	333	1
"334.2"	0.25	0	"megaBglmm"	0	334	1
"335.2"	0.25	0	"megaBglmm"	0	335	1
"336.2"	0.25	0	"megaBglmm"	0	336	1
"337.2"	0.25	0	"megaBglmm"	0	337	1
"338.2"	0.25	0	"megaBglmm"	0	338	1
"339.2"	0.25	0	"megaBglmm"	0	339	1
"340.2"	0.25	0	"megaBglmm"	0	340	1
"341.2"	0.5	0	"megaBglmm"	0	341	1
"342.2"	0.5	0	"megaBglmm"	0	342	1
"343.2"	0.5	0	"megaBglmm"	0	343	1
"344.2"	0.5	0	"megaBglmm"	0	344	1
"345.2"	0.5	0	"megaBglmm"	0	345	1
"346.2"	0.5	0	"megaBglmm"	0	346	1
"347.2"	0.5	0	"megaBglmm"	0	347	1
"348.2"	0.5	0	"megaBglmm"	0	348	1
"349.2"	0.5	0	"megaBglmm"	0	349	1
"350.2"	0.5	0	"megaBglmm"	0	350	1
"351.2"	0.5	0	"megaBglmm"	0	351	1
"352.2"	0.5	0	"megaBglmm"	0	352	1
"353.2"	0.5	0	"megaBglmm"	0	353	1
"354.2"	0.5	0	"megaBglmm"	0	354	1
"355.2"	0.5	0	"megaBglmm"	0	355	1
"356.2"	0.5	1	"megaBglmm"	1	356	1
"357.2"	0.5	0	"megaBglmm"	0	357	1
"358.2"	0.5	0	"megaBglmm"	0	358	1
"359.2"	0.5	0	"megaBglmm"	0	359	1
"360.2"	0.5	0	"megaBglmm"	0	360	1
"361.2"	0.75	0	"megaBglmm"	0	361	1
"362.2"	0.75	0	"megaBglmm"	0	362	1
"363.2"	0.75	0	"megaBglmm"	0	363	1
"364.2"	0.75	0	"megaBglmm"	0	364	1
"365.2"	0.75	0	"megaBglmm"	0	365	1
"366.2"	0.75	0	"megaBglmm"	0	366	1
"367.2"	0.75	0	"megaBglmm"	0	367	1
"368.2"	0.75	0	"megaBglmm"	0	368	1
"369.2"	0.75	0	"megaBglmm"	0	369	1
"370.2"	0.75	0	"megaBglmm"	0	370	1
"371.2"	0.75	0	"megaBglmm"	0	371	1
"372.2"	0.75	0	"megaBglmm"	0	372	1
"373.2"	0.75	0	"megaBglmm"	0	373	1
"374.2"	0.75	0	"megaBglmm"	0	374	1
"375.2"	0.75	0	"megaBglmm"	0	375	1
"376.2"	0.75	0	"megaBglmm"	0	376	1
"377.2"	0.75	0	"megaBglmm"	0	377	1
"378.2"	0.75	0	"megaBglmm"	0	378	1
"379.2"	0.75	1	"megaBglmm"	0	379	1
"380.2"	0.75	0	"megaBglmm"	0	380	1
"381.2"	1	0	"megaBglmm"	0	381	1
"382.2"	1	0	"megaBglmm"	0	382	1
"383.2"	1	0	"megaBglmm"	0	383	1
"384.2"	1	0	"megaBglmm"	0	384	1
"385.2"	1	0	"megaBglmm"	0	385	1
"386.2"	1	0	"megaBglmm"	0	386	1
"387.2"	1	0	"megaBglmm"	0	387	1
"388.2"	1	0	"megaBglmm"	0	388	1
"389.2"	1	0	"megaBglmm"	0	389	1
"390.2"	1	0	"megaBglmm"	0	390	1
"391.2"	1	0	"megaBglmm"	0	391	1
"392.2"	1	0	"megaBglmm"	0	392	1
"393.2"	1	0	"megaBglmm"	0	393	1
"394.2"	1	0	"megaBglmm"	0	394	1
"395.2"	1	0	"megaBglmm"	0	395	1
"396.2"	1	0	"megaBglmm"	0	396	1
"397.2"	1	0	"megaBglmm"	0	397	1
"398.2"	1	0	"megaBglmm"	0	398	1
"399.2"	1	0	"megaBglmm"	0	399	1
"400.2"	1	0	"megaBglmm"	0	400	1
"401.2"	0	0	"megaBglmm"	0	401	1
"402.2"	0	0	"megaBglmm"	0	402	1
"403.2"	0	0	"megaBglmm"	0	403	1
"404.2"	0	0	"megaBglmm"	0	404	1
"405.2"	0	0	"megaBglmm"	0	405	1
"406.2"	0	0	"megaBglmm"	0	406	1
"407.2"	0	0	"megaBglmm"	0	407	1
"408.2"	0	0	"megaBglmm"	0	408	1
"409.2"	0	0	"megaBglmm"	0	409	1
"410.2"	0	0	"megaBglmm"	0	410	1
"411.2"	0	0	"megaBglmm"	0	411	1
"412.2"	0	0	"megaBglmm"	0	412	1
"413.2"	0	0	"megaBglmm"	0	413	1
"414.2"	0	0	"megaBglmm"	0	414	1
"415.2"	0	0	"megaBglmm"	0	415	1
"416.2"	0	0	"megaBglmm"	0	416	1
"417.2"	0	0	"megaBglmm"	0	417	1
"418.2"	0	0	"megaBglmm"	0	418	1
"419.2"	0	0	"megaBglmm"	0	419	1
"420.2"	0	0	"megaBglmm"	0	420	1
"421.2"	0.25	0	"megaBglmm"	0	421	1
"422.2"	0.25	0	"megaBglmm"	0	422	1
"423.2"	0.25	0	"megaBglmm"	0	423	1
"424.2"	0.25	0	"megaBglmm"	0	424	1
"425.2"	0.25	0	"megaBglmm"	0	425	1
"426.2"	0.25	0	"megaBglmm"	0	426	1
"427.2"	0.25	0	"megaBglmm"	0	427	1
"428.2"	0.25	0	"megaBglmm"	0	428	1
"429.2"	0.25	0	"megaBglmm"	0	429	1
"430.2"	0.25	0	"megaBglmm"	0	430	1
"431.2"	0.25	0	"megaBglmm"	0	431	1
"432.2"	0.25	0	"megaBglmm"	0	432	1
"433.2"	0.25	0	"megaBglmm"	0	433	1
"434.2"	0.25	0	"megaBglmm"	0	434	1
"435.2"	0.25	0	"megaBglmm"	0	435	1
"436.2"	0.25	0	"megaBglmm"	0	436	1
"437.2"	0.25	0	"megaBglmm"	0	437	1
"438.2"	0.25	0	"megaBglmm"	0	438	1
"439.2"	0.25	0	"megaBglmm"	0	439	1
"440.2"	0.25	0	"megaBglmm"	0	440	1
"441.2"	0.5	0	"megaBglmm"	0	441	1
"442.2"	0.5	0	"megaBglmm"	0	442	1
"443.2"	0.5	0	"megaBglmm"	0	443	1
"444.2"	0.5	0	"megaBglmm"	0	444	1
"445.2"	0.5	0	"megaBglmm"	0	445	1
"446.2"	0.5	0	"megaBglmm"	0	446	1
"447.2"	0.5	0	"megaBglmm"	0	447	1
"448.2"	0.5	0	"megaBglmm"	0	448	1
"449.2"	0.5	0	"megaBglmm"	0	449	1
"450.2"	0.5	0	"megaBglmm"	0	450	1
"451.2"	0.5	0	"megaBglmm"	0	451	1
"452.2"	0.5	0	"megaBglmm"	0	452	1
"453.2"	0.5	0	"megaBglmm"	0	453	1
"454.2"	0.5	0	"megaBglmm"	0	454	1
"455.2"	0.5	0	"megaBglmm"	0	455	1
"456.2"	0.5	1	"megaBglmm"	1	456	1
"457.2"	0.5	0	"megaBglmm"	0	457	1
"458.2"	0.5	0	"megaBglmm"	0	458	1
"459.2"	0.5	0	"megaBglmm"	0	459	1
"460.2"	0.5	0	"megaBglmm"	0	460	1
"461.2"	0.75	0	"megaBglmm"	0	461	1
"462.2"	0.75	0	"megaBglmm"	0	462	1
"463.2"	0.75	0	"megaBglmm"	0	463	1
"464.2"	0.75	0	"megaBglmm"	0	464	1
"465.2"	0.75	0	"megaBglmm"	0	465	1
"466.2"	0.75	0	"megaBglmm"	0	466	1
"467.2"	0.75	0	"megaBglmm"	0	467	1
"468.2"	0.75	0	"megaBglmm"	0	468	1
"469.2"	0.75	0	"megaBglmm"	0	469	1
"470.2"	0.75	0	"megaBglmm"	0	470	1
"471.2"	0.75	0	"megaBglmm"	0	471	1
"472.2"	0.75	0	"megaBglmm"	0	472	1
"473.2"	0.75	0	"megaBglmm"	0	473	1
"474.2"	0.75	0	"megaBglmm"	0	474	1
"475.2"	0.75	0	"megaBglmm"	0	475	1
"476.2"	0.75	0	"megaBglmm"	0	476	1
"477.2"	0.75	0	"megaBglmm"	0	477	1
"478.2"	0.75	0	"megaBglmm"	0	478	1
"479.2"	0.75	0	"megaBglmm"	0	479	1
"480.2"	0.75	0	"megaBglmm"	0	480	1
"481.2"	1	0	"megaBglmm"	0	481	1
"482.2"	1	0	"megaBglmm"	0	482	1
"483.2"	1	0	"megaBglmm"	0	483	1
"484.2"	1	0	"megaBglmm"	0	484	1
"485.2"	1	0	"megaBglmm"	0	485	1
"486.2"	1	0	"megaBglmm"	0	486	1
"487.2"	1	0	"megaBglmm"	0	487	1
"488.2"	1	0	"megaBglmm"	0	488	1
"489.2"	1	0	"megaBglmm"	0	489	1
"490.2"	1	0	"megaBglmm"	0	490	1
"491.2"	1	0	"megaBglmm"	0	491	1
"492.2"	1	0	"megaBglmm"	0	492	1
"493.2"	1	0	"megaBglmm"	0	493	1
"494.2"	1	0	"megaBglmm"	0	494	1
"495.2"	1	0	"megaBglmm"	0	495	1
"496.2"	1	0	"megaBglmm"	0	496	1
"497.2"	1	0	"megaBglmm"	0	497	1
"498.2"	1	0	"megaBglmm"	0	498	1
"499.2"	1	0	"megaBglmm"	0	499	1
"500.2"	1	0	"megaBglmm"	0	500	1
"1.3"	0	0.0333333333333333	"anova"	2	1	60
"2.3"	0	0.05	"anova"	3	2	60
"3.3"	0	0	"anova"	0	3	60
"4.3"	0	0.05	"anova"	3	4	60
"5.3"	0	0.05	"anova"	3	5	60
"6.3"	0	0.05	"anova"	3	6	60
"7.3"	0	0.0333333333333333	"anova"	2	7	60
"8.3"	0	0.05	"anova"	3	8	60
"9.3"	0	0.05	"anova"	3	9	60
"10.3"	0	0.1	"anova"	6	10	60
"11.3"	0	0.05	"anova"	3	11	60
"12.3"	0	0.0666666666666667	"anova"	4	12	60
"13.3"	0	0.1	"anova"	6	13	60
"14.3"	0	0.05	"anova"	3	14	60
"15.3"	0	0.05	"anova"	3	15	60
"16.3"	0	0	"anova"	0	16	60
"17.3"	0	0.116666666666667	"anova"	7.00000000000002	17	60
"18.3"	0	0.0833333333333333	"anova"	5	18	60
"19.3"	0	0.0166666666666667	"anova"	1	19	60
"20.3"	0	0.05	"anova"	3	20	60
"21.3"	0.25	0.05	"anova"	3	21	60
"22.3"	0.25	0.05	"anova"	3	22	60
"23.3"	0.25	0.0166666666666667	"anova"	1	23	60
"24.3"	0.25	0.0666666666666667	"anova"	4	24	60
"25.3"	0.25	0.0833333333333333	"anova"	5	25	60
"26.3"	0.25	0.0333333333333333	"anova"	2	26	60
"27.3"	0.25	0.1	"anova"	6	27	60
"28.3"	0.25	0.0666666666666667	"anova"	4	28	60
"29.3"	0.25	0.0333333333333333	"anova"	2	29	60
"30.3"	0.25	0.05	"anova"	3	30	60
"31.3"	0.25	0	"anova"	0	31	60
"32.3"	0.25	0.0166666666666667	"anova"	1	32	60
"33.3"	0.25	0.0666666666666667	"anova"	4	33	60
"34.3"	0.25	0.0666666666666667	"anova"	4	34	60
"35.3"	0.25	0.0666666666666667	"anova"	4	35	60
"36.3"	0.25	0.0333333333333333	"anova"	2	36	60
"37.3"	0.25	0.0166666666666667	"anova"	1	37	60
"38.3"	0.25	0.0333333333333333	"anova"	2	38	60
"39.3"	0.25	0.0166666666666667	"anova"	1	39	60
"40.3"	0.25	0.0666666666666667	"anova"	4	40	60
"41.3"	0.5	0.0666666666666667	"anova"	4	41	60
"42.3"	0.5	0.0666666666666667	"anova"	4	42	60
"43.3"	0.5	0.116666666666667	"anova"	7.00000000000002	43	60
"44.3"	0.5	0	"anova"	0	44	60
"45.3"	0.5	0.0166666666666667	"anova"	1	45	60
"46.3"	0.5	0.0666666666666667	"anova"	4	46	60
"47.3"	0.5	0.1	"anova"	6	47	60
"48.3"	0.5	0.0666666666666667	"anova"	4	48	60
"49.3"	0.5	0.05	"anova"	3	49	60
"50.3"	0.5	0.05	"anova"	3	50	60
"51.3"	0.5	0.0333333333333333	"anova"	2	51	60
"52.3"	0.5	0.166666666666667	"anova"	10	52	60
"53.3"	0.5	0.0833333333333333	"anova"	5	53	60
"54.3"	0.5	0.05	"anova"	3	54	60
"55.3"	0.5	0.0333333333333333	"anova"	2	55	60
"56.3"	0.5	0.0666666666666667	"anova"	4	56	60
"57.3"	0.5	0.05	"anova"	3	57	60
"58.3"	0.5	0.116666666666667	"anova"	7.00000000000002	58	60
"59.3"	0.5	0.0666666666666667	"anova"	4	59	60
"60.3"	0.5	0.0166666666666667	"anova"	1	60	60
"61.3"	0.75	0.0166666666666667	"anova"	1	61	60
"62.3"	0.75	0.05	"anova"	3	62	60
"63.3"	0.75	0.05	"anova"	3	63	60
"64.3"	0.75	0	"anova"	0	64	60
"65.3"	0.75	0.0333333333333333	"anova"	2	65	60
"66.3"	0.75	0.0666666666666667	"anova"	4	66	60
"67.3"	0.75	0.0666666666666667	"anova"	4	67	60
"68.3"	0.75	0.0833333333333333	"anova"	5	68	60
"69.3"	0.75	0.0333333333333333	"anova"	2	69	60
"70.3"	0.75	0.0833333333333333	"anova"	5	70	60
"71.3"	0.75	0.166666666666667	"anova"	10	71	60
"72.3"	0.75	0.1	"anova"	6	72	60
"73.3"	0.75	0.05	"anova"	3	73	60
"74.3"	0.75	0.0333333333333333	"anova"	2	74	60
"75.3"	0.75	0.05	"anova"	3	75	60
"76.3"	0.75	0.0333333333333333	"anova"	2	76	60
"77.3"	0.75	0.05	"anova"	3	77	60
"78.3"	0.75	0.0166666666666667	"anova"	1	78	60
"79.3"	0.75	0.0833333333333333	"anova"	5	79	60
"80.3"	0.75	0	"anova"	0	80	60
"81.3"	1	0.0333333333333333	"anova"	2	81	60
"82.3"	1	0.0833333333333333	"anova"	5	82	60
"83.3"	1	0.0166666666666667	"anova"	1	83	60
"84.3"	1	0.0333333333333333	"anova"	2	84	60
"85.3"	1	0.0333333333333333	"anova"	2	85	60
"86.3"	1	0.0333333333333333	"anova"	2	86	60
"87.3"	1	0.05	"anova"	3	87	60
"88.3"	1	0.05	"anova"	3	88	60
"89.3"	1	0	"anova"	0	89	60
"90.3"	1	0.0166666666666667	"anova"	1	90	60
"91.3"	1	0.0333333333333333	"anova"	2	91	60
"92.3"	1	0.0666666666666667	"anova"	4	92	60
"93.3"	1	0.05	"anova"	3	93	60
"94.3"	1	0.0166666666666667	"anova"	1	94	60
"95.3"	1	0.1	"anova"	6	95	60
"96.3"	1	0.0333333333333333	"anova"	2	96	60
"97.3"	1	0	"anova"	0	97	60
"98.3"	1	0.0333333333333333	"anova"	2	98	60
"99.3"	1	0.05	"anova"	3	99	60
"100.3"	1	0	"anova"	0	100	60
"101.3"	0	0.0333333333333333	"anova"	2	101	60
"102.3"	0	0.05	"anova"	3	102	60
"103.3"	0	0	"anova"	0	103	60
"104.3"	0	0.0333333333333333	"anova"	3	104	60
"105.3"	0	0.05	"anova"	3	105	60
"106.3"	0	0.0333333333333333	"anova"	3	106	60
"107.3"	0	0.0333333333333333	"anova"	2	107	60
"108.3"	0	0.0333333333333333	"anova"	3	108	60
"109.3"	0	0.05	"anova"	3	109	60
"110.3"	0	0.0666666666666667	"anova"	6	110	60
"111.3"	0	0.0333333333333333	"anova"	3	111	60
"112.3"	0	0.05	"anova"	4	112	60
"113.3"	0	0.15	"anova"	6	113	60
"114.3"	0	0.0333333333333333	"anova"	3	114	60
"115.3"	0	0.05	"anova"	3	115	60
"116.3"	0	0	"anova"	0	116	60
"117.3"	0	0.1	"anova"	7.00000000000002	117	60
"118.3"	0	0.0666666666666667	"anova"	5	118	60
"119.3"	0	0.0166666666666667	"anova"	1	119	60
"120.3"	0	0.05	"anova"	3	120	60
"121.3"	0.25	0.05	"anova"	3	121	60
"122.3"	0.25	0.05	"anova"	3	122	60
"123.3"	0.25	0.0333333333333333	"anova"	1	123	60
"124.3"	0.25	0.0666666666666667	"anova"	4	124	60
"125.3"	0.25	0.116666666666667	"anova"	5	125	60
"126.3"	0.25	0.0666666666666667	"anova"	2	126	60
"127.3"	0.25	0.116666666666667	"anova"	6	127	60
"128.3"	0.25	0.05	"anova"	4	128	60
"129.3"	0.25	0.0333333333333333	"anova"	2	129	60
"130.3"	0.25	0.05	"anova"	3	130	60
"131.3"	0.25	0	"anova"	0	131	60
"132.3"	0.25	0.0166666666666667	"anova"	1	132	60
"133.3"	0.25	0.0666666666666667	"anova"	4	133	60
"134.3"	0.25	0.0833333333333333	"anova"	4	134	60
"135.3"	0.25	0.1	"anova"	4	135	60
"136.3"	0.25	0.0333333333333333	"anova"	2	136	60
"137.3"	0.25	0.0166666666666667	"anova"	1	137	60
"138.3"	0.25	0.05	"anova"	2	138	60
"139.3"	0.25	0.0166666666666667	"anova"	1	139	60
"140.3"	0.25	0.0666666666666667	"anova"	4	140	60
"141.3"	0.5	0.0666666666666667	"anova"	4	141	60
"142.3"	0.5	0.0833333333333333	"anova"	4	142	60
"143.3"	0.5	0.133333333333333	"anova"	7.00000000000002	143	60
"144.3"	0.5	0.0166666666666667	"anova"	0	144	60
"145.3"	0.5	0.0333333333333333	"anova"	1	145	60
"146.3"	0.5	0.0833333333333333	"anova"	4	146	60
"147.3"	0.5	0.1	"anova"	6	147	60
"148.3"	0.5	0.0666666666666667	"anova"	4	148	60
"149.3"	0.5	0.0833333333333333	"anova"	3	149	60
"150.3"	0.5	0.05	"anova"	3	150	60
"151.3"	0.5	0.05	"anova"	2	151	60
"152.3"	0.5	0.166666666666667	"anova"	10	152	60
"153.3"	0.5	0.0833333333333333	"anova"	5	153	60
"154.3"	0.5	0.05	"anova"	3	154	60
"155.3"	0.5	0.0333333333333333	"anova"	2	155	60
"156.3"	0.5	0.0833333333333333	"anova"	4	156	60
"157.3"	0.5	0.0666666666666667	"anova"	3	157	60
"158.3"	0.5	0.116666666666667	"anova"	7.00000000000002	158	60
"159.3"	0.5	0.0666666666666667	"anova"	4	159	60
"160.3"	0.5	0.0166666666666667	"anova"	1	160	60
"161.3"	0.75	0.0166666666666667	"anova"	1	161	60
"162.3"	0.75	0.05	"anova"	3	162	60
"163.3"	0.75	0.05	"anova"	3	163	60
"164.3"	0.75	0	"anova"	0	164	60
"165.3"	0.75	0.05	"anova"	2	165	60
"166.3"	0.75	0.0833333333333333	"anova"	4	166	60
"167.3"	0.75	0.0666666666666667	"anova"	4	167	60
"168.3"	0.75	0.0833333333333333	"anova"	5	168	60
"169.3"	0.75	0.0333333333333333	"anova"	2	169	60
"170.3"	0.75	0.1	"anova"	5	170	60
"171.3"	0.75	0.166666666666667	"anova"	10	171	60
"172.3"	0.75	0.133333333333333	"anova"	6	172	60
"173.3"	0.75	0.0666666666666667	"anova"	3	173	60
"174.3"	0.75	0.0333333333333333	"anova"	2	174	60
"175.3"	0.75	0.0666666666666667	"anova"	3	175	60
"176.3"	0.75	0.05	"anova"	2	176	60
"177.3"	0.75	0.05	"anova"	3	177	60
"178.3"	0.75	0.05	"anova"	1	178	60
"179.3"	0.75	0.0833333333333333	"anova"	5	179	60
"180.3"	0.75	0.0166666666666667	"anova"	0	180	60
"181.3"	1	0.05	"anova"	2	181	60
"182.3"	1	0.1	"anova"	5	182	60
"183.3"	1	0.05	"anova"	1	183	60
"184.3"	1	0.0333333333333333	"anova"	2	184	60
"185.3"	1	0.0333333333333333	"anova"	2	185	60
"186.3"	1	0.05	"anova"	2	186	60
"187.3"	1	0.0666666666666667	"anova"	3	187	60
"188.3"	1	0.05	"anova"	3	188	60
"189.3"	1	0	"anova"	0	189	60
"190.3"	1	0.0166666666666667	"anova"	1	190	60
"191.3"	1	0.05	"anova"	2	191	60
"192.3"	1	0.116666666666667	"anova"	4	192	60
"193.3"	1	0.0666666666666667	"anova"	3	193	60
"194.3"	1	0.0333333333333333	"anova"	1	194	60
"195.3"	1	0.116666666666667	"anova"	6	195	60
"196.3"	1	0.05	"anova"	2	196	60
"197.3"	1	0	"anova"	0	197	60
"198.3"	1	0.0333333333333333	"anova"	2	198	60
"199.3"	1	0.05	"anova"	3	199	60
"200.3"	1	0	"anova"	0	200	60
"201.3"	0	0.0333333333333333	"anova"	2	201	60
"202.3"	0	0.05	"anova"	3	202	60
"203.3"	0	0	"anova"	0	203	60
"204.3"	0	0	"anova"	3	204	60
"205.3"	0	0.0333333333333333	"anova"	3	205	60
"206.3"	0	0.0166666666666667	"anova"	3	206	60
"207.3"	0	0.0333333333333333	"anova"	2	207	60
"208.3"	0	0.0333333333333333	"anova"	3	208	60
"209.3"	0	0.0333333333333333	"anova"	3	209	60
"210.3"	0	0.0666666666666667	"anova"	6	210	60
"211.3"	0	0.0166666666666667	"anova"	3	211	60
"212.3"	0	0.0166666666666667	"anova"	4	212	60
"213.3"	0	0.0833333333333333	"anova"	6	213	60
"214.3"	0	0.0166666666666667	"anova"	3	214	60
"215.3"	0	0.05	"anova"	3	215	60
"216.3"	0	0	"anova"	0	216	60
"217.3"	0	0.1	"anova"	7.00000000000002	217	60
"218.3"	0	0.05	"anova"	5	218	60
"219.3"	0	0.0166666666666667	"anova"	1	219	60
"220.3"	0	0.05	"anova"	3	220	60
"221.3"	0.25	0.05	"anova"	3	221	60
"222.3"	0.25	0.0333333333333333	"anova"	3	222	60
"223.3"	0.25	0.0166666666666667	"anova"	1	223	60
"224.3"	0.25	0.0833333333333333	"anova"	4	224	60
"225.3"	0.25	0.116666666666667	"anova"	5	225	60
"226.3"	0.25	0.05	"anova"	2	226	60
"227.3"	0.25	0.1	"anova"	6	227	60
"228.3"	0.25	0.0666666666666667	"anova"	4	228	60
"229.3"	0.25	0.0166666666666667	"anova"	2	229	60
"230.3"	0.25	0.05	"anova"	3	230	60
"231.3"	0.25	0	"anova"	0	231	60
"232.3"	0.25	0.0166666666666667	"anova"	1	232	60
"233.3"	0.25	0.0833333333333333	"anova"	4	233	60
"234.3"	0.25	0.0833333333333333	"anova"	4	234	60
"235.3"	0.25	0.0833333333333333	"anova"	4	235	60
"236.3"	0.25	0.0333333333333333	"anova"	2	236	60
"237.3"	0.25	0.0333333333333333	"anova"	1	237	60
"238.3"	0.25	0.05	"anova"	2	238	60
"239.3"	0.25	0	"anova"	1	239	60
"240.3"	0.25	0.0666666666666667	"anova"	4	240	60
"241.3"	0.5	0.0666666666666667	"anova"	4	241	60
"242.3"	0.5	0.0666666666666667	"anova"	4	242	60
"243.3"	0.5	0.0833333333333333	"anova"	7.00000000000002	243	60
"244.3"	0.5	0.0333333333333333	"anova"	0	244	60
"245.3"	0.5	0.0666666666666667	"anova"	1	245	60
"246.3"	0.5	0.0833333333333333	"anova"	4	246	60
"247.3"	0.5	0.1	"anova"	6	247	60
"248.3"	0.5	0.0666666666666667	"anova"	4	248	60
"249.3"	0.5	0.0333333333333333	"anova"	3	249	60
"250.3"	0.5	0.05	"anova"	3	250	60
"251.3"	0.5	0.05	"anova"	2	251	60
"252.3"	0.5	0.166666666666667	"anova"	10	252	60
"253.3"	0.5	0.0666666666666667	"anova"	5	253	60
"254.3"	0.5	0.05	"anova"	3	254	60
"255.3"	0.5	0.0333333333333333	"anova"	2	255	60
"256.3"	0.5	0.0833333333333333	"anova"	4	256	60
"257.3"	0.5	0.0666666666666667	"anova"	3	257	60
"258.3"	0.5	0.133333333333333	"anova"	7.00000000000002	258	60
"259.3"	0.5	0.05	"anova"	4	259	60
"260.3"	0.5	0.0333333333333333	"anova"	1	260	60
"261.3"	0.75	0	"anova"	1	261	60
"262.3"	0.75	0.05	"anova"	3	262	60
"263.3"	0.75	0.0333333333333333	"anova"	3	263	60
"264.3"	0.75	0	"anova"	0	264	60
"265.3"	0.75	0.05	"anova"	2	265	60
"266.3"	0.75	0.05	"anova"	4	266	60
"267.3"	0.75	0.0666666666666667	"anova"	4	267	60
"268.3"	0.75	0.0666666666666667	"anova"	5	268	60
"269.3"	0.75	0.0333333333333333	"anova"	2	269	60
"270.3"	0.75	0.0833333333333333	"anova"	5	270	60
"271.3"	0.75	0.15	"anova"	10	271	60
"272.3"	0.75	0.0833333333333333	"anova"	6	272	60
"273.3"	0.75	0.05	"anova"	3	273	60
"274.3"	0.75	0.0333333333333333	"anova"	2	274	60
"275.3"	0.75	0.0666666666666667	"anova"	3	275	60
"276.3"	0.75	0.05	"anova"	2	276	60
"277.3"	0.75	0.05	"anova"	3	277	60
"278.3"	0.75	0.0166666666666667	"anova"	1	278	60
"279.3"	0.75	0.0666666666666667	"anova"	5	279	60
"280.3"	0.75	0	"anova"	0	280	60
"281.3"	1	0.0333333333333333	"anova"	2	281	60
"282.3"	1	0.1	"anova"	5	282	60
"283.3"	1	0.05	"anova"	1	283	60
"284.3"	1	0.0333333333333333	"anova"	2	284	60
"285.3"	1	0.0166666666666667	"anova"	2	285	60
"286.3"	1	0.0166666666666667	"anova"	2	286	60
"287.3"	1	0.0833333333333333	"anova"	3	287	60
"288.3"	1	0.0666666666666667	"anova"	3	288	60
"289.3"	1	0	"anova"	0	289	60
"290.3"	1	0.0166666666666667	"anova"	1	290	60
"291.3"	1	0.05	"anova"	2	291	60
"292.3"	1	0.116666666666667	"anova"	4	292	60
"293.3"	1	0.0166666666666667	"anova"	3	293	60
"294.3"	1	0.05	"anova"	1	294	60
"295.3"	1	0.1	"anova"	6	295	60
"296.3"	1	0.0666666666666667	"anova"	2	296	60
"297.3"	1	0.0166666666666667	"anova"	0	297	60
"298.3"	1	0.05	"anova"	2	298	60
"299.3"	1	0.0666666666666667	"anova"	3	299	60
"300.3"	1	0	"anova"	0	300	60
"301.3"	0	0	"anova"	2	301	60
"302.3"	0	0	"anova"	3	302	60
"303.3"	0	0	"anova"	0	303	60
"304.3"	0	0	"anova"	3	304	60
"305.3"	0	0	"anova"	3	305	60
"306.3"	0	0	"anova"	3	306	60
"307.3"	0	0	"anova"	2	307	60
"308.3"	0	0	"anova"	3	308	60
"309.3"	0	0	"anova"	3	309	60
"310.3"	0	0	"anova"	6	310	60
"311.3"	0	0	"anova"	3	311	60
"312.3"	0	0	"anova"	4	312	60
"313.3"	0	0	"anova"	6	313	60
"314.3"	0	0	"anova"	3	314	60
"315.3"	0	0	"anova"	3	315	60
"316.3"	0	0	"anova"	0	316	60
"317.3"	0	0	"anova"	7.00000000000002	317	60
"318.3"	0	0	"anova"	5	318	60
"319.3"	0	0	"anova"	1	319	60
"320.3"	0	0	"anova"	3	320	60
"321.3"	0.25	0	"anova"	3	321	60
"322.3"	0.25	0	"anova"	3	322	60
"323.3"	0.25	0	"anova"	1	323	60
"324.3"	0.25	0	"anova"	4	324	60
"325.3"	0.25	0	"anova"	5	325	60
"326.3"	0.25	0	"anova"	2	326	60
"327.3"	0.25	0	"anova"	6	327	60
"328.3"	0.25	0	"anova"	4	328	60
"329.3"	0.25	0	"anova"	2	329	60
"330.3"	0.25	0	"anova"	3	330	60
"331.3"	0.25	0	"anova"	0	331	60
"332.3"	0.25	0	"anova"	1	332	60
"333.3"	0.25	0	"anova"	4	333	60
"334.3"	0.25	0	"anova"	4	334	60
"335.3"	0.25	0	"anova"	4	335	60
"336.3"	0.25	0	"anova"	2	336	60
"337.3"	0.25	0	"anova"	1	337	60
"338.3"	0.25	0	"anova"	2	338	60
"339.3"	0.25	0	"anova"	1	339	60
"340.3"	0.25	0	"anova"	4	340	60
"341.3"	0.5	0	"anova"	4	341	60
"342.3"	0.5	0	"anova"	4	342	60
"343.3"	0.5	0	"anova"	7.00000000000002	343	60
"344.3"	0.5	0	"anova"	0	344	60
"345.3"	0.5	0	"anova"	1	345	60
"346.3"	0.5	0	"anova"	4	346	60
"347.3"	0.5	0	"anova"	6	347	60
"348.3"	0.5	0	"anova"	4	348	60
"349.3"	0.5	0	"anova"	3	349	60
"350.3"	0.5	0	"anova"	3	350	60
"351.3"	0.5	0	"anova"	2	351	60
"352.3"	0.5	0	"anova"	10	352	60
"353.3"	0.5	0	"anova"	5	353	60
"354.3"	0.5	0	"anova"	3	354	60
"355.3"	0.5	0	"anova"	2	355	60
"356.3"	0.5	1	"anova"	4	356	60
"357.3"	0.5	0	"anova"	3	357	60
"358.3"	0.5	0	"anova"	7.00000000000002	358	60
"359.3"	0.5	0	"anova"	4	359	60
"360.3"	0.5	0	"anova"	1	360	60
"361.3"	0.75	0	"anova"	1	361	60
"362.3"	0.75	0	"anova"	3	362	60
"363.3"	0.75	0	"anova"	3	363	60
"364.3"	0.75	0	"anova"	0	364	60
"365.3"	0.75	0	"anova"	2	365	60
"366.3"	0.75	0	"anova"	4	366	60
"367.3"	0.75	0	"anova"	4	367	60
"368.3"	0.75	0	"anova"	5	368	60
"369.3"	0.75	0	"anova"	2	369	60
"370.3"	0.75	0	"anova"	5	370	60
"371.3"	0.75	0	"anova"	10	371	60
"372.3"	0.75	0	"anova"	6	372	60
"373.3"	0.75	0	"anova"	3	373	60
"374.3"	0.75	0	"anova"	2	374	60
"375.3"	0.75	0	"anova"	3	375	60
"376.3"	0.75	0	"anova"	2	376	60
"377.3"	0.75	0	"anova"	3	377	60
"378.3"	0.75	0	"anova"	1	378	60
"379.3"	0.75	1	"anova"	5	379	60
"380.3"	0.75	0	"anova"	0	380	60
"381.3"	1	0	"anova"	2	381	60
"382.3"	1	0	"anova"	5	382	60
"383.3"	1	0	"anova"	1	383	60
"384.3"	1	0	"anova"	2	384	60
"385.3"	1	0	"anova"	2	385	60
"386.3"	1	0	"anova"	2	386	60
"387.3"	1	0	"anova"	3	387	60
"388.3"	1	0	"anova"	3	388	60
"389.3"	1	0	"anova"	0	389	60
"390.3"	1	0	"anova"	1	390	60
"391.3"	1	0	"anova"	2	391	60
"392.3"	1	0	"anova"	4	392	60
"393.3"	1	0	"anova"	3	393	60
"394.3"	1	0	"anova"	1	394	60
"395.3"	1	0	"anova"	6	395	60
"396.3"	1	0	"anova"	2	396	60
"397.3"	1	0	"anova"	0	397	60
"398.3"	1	0	"anova"	2	398	60
"399.3"	1	0	"anova"	3	399	60
"400.3"	1	0	"anova"	0	400	60
"401.3"	0	0	"anova"	2	401	60
"402.3"	0	0	"anova"	3	402	60
"403.3"	0	0	"anova"	0	403	60
"404.3"	0	0	"anova"	3	404	60
"405.3"	0	0	"anova"	3	405	60
"406.3"	0	0	"anova"	3	406	60
"407.3"	0	0	"anova"	2	407	60
"408.3"	0	0	"anova"	3	408	60
"409.3"	0	0	"anova"	3	409	60
"410.3"	0	0	"anova"	6	410	60
"411.3"	0	0	"anova"	3	411	60
"412.3"	0	0	"anova"	4	412	60
"413.3"	0	0	"anova"	6	413	60
"414.3"	0	0	"anova"	3	414	60
"415.3"	0	0	"anova"	3	415	60
"416.3"	0	0	"anova"	0	416	60
"417.3"	0	0	"anova"	7.00000000000002	417	60
"418.3"	0	0	"anova"	5	418	60
"419.3"	0	0	"anova"	1	419	60
"420.3"	0	0	"anova"	3	420	60
"421.3"	0.25	0	"anova"	3	421	60
"422.3"	0.25	0	"anova"	3	422	60
"423.3"	0.25	0	"anova"	1	423	60
"424.3"	0.25	0	"anova"	4	424	60
"425.3"	0.25	0	"anova"	5	425	60
"426.3"	0.25	0	"anova"	2	426	60
"427.3"	0.25	0	"anova"	6	427	60
"428.3"	0.25	0	"anova"	4	428	60
"429.3"	0.25	0	"anova"	2	429	60
"430.3"	0.25	0	"anova"	3	430	60
"431.3"	0.25	0	"anova"	0	431	60
"432.3"	0.25	0	"anova"	1	432	60
"433.3"	0.25	0	"anova"	4	433	60
"434.3"	0.25	0	"anova"	4	434	60
"435.3"	0.25	0	"anova"	4	435	60
"436.3"	0.25	0	"anova"	2	436	60
"437.3"	0.25	0	"anova"	1	437	60
"438.3"	0.25	0	"anova"	2	438	60
"439.3"	0.25	0	"anova"	1	439	60
"440.3"	0.25	0	"anova"	4	440	60
"441.3"	0.5	0	"anova"	4	441	60
"442.3"	0.5	0	"anova"	4	442	60
"443.3"	0.5	0	"anova"	7.00000000000002	443	60
"444.3"	0.5	0	"anova"	0	444	60
"445.3"	0.5	0	"anova"	1	445	60
"446.3"	0.5	0	"anova"	4	446	60
"447.3"	0.5	0	"anova"	6	447	60
"448.3"	0.5	0	"anova"	4	448	60
"449.3"	0.5	0	"anova"	3	449	60
"450.3"	0.5	0	"anova"	3	450	60
"451.3"	0.5	0	"anova"	2	451	60
"452.3"	0.5	0	"anova"	10	452	60
"453.3"	0.5	0	"anova"	5	453	60
"454.3"	0.5	0	"anova"	3	454	60
"455.3"	0.5	0	"anova"	2	455	60
"456.3"	0.5	1	"anova"	4	456	60
"457.3"	0.5	0	"anova"	3	457	60
"458.3"	0.5	0	"anova"	7.00000000000002	458	60
"459.3"	0.5	0	"anova"	4	459	60
"460.3"	0.5	0	"anova"	1	460	60
"461.3"	0.75	0	"anova"	1	461	60
"462.3"	0.75	0	"anova"	3	462	60
"463.3"	0.75	0	"anova"	3	463	60
"464.3"	0.75	0	"anova"	0	464	60
"465.3"	0.75	0	"anova"	2	465	60
"466.3"	0.75	0	"anova"	4	466	60
"467.3"	0.75	0	"anova"	4	467	60
"468.3"	0.75	0	"anova"	5	468	60
"469.3"	0.75	0	"anova"	2	469	60
"470.3"	0.75	0	"anova"	5	470	60
"471.3"	0.75	0	"anova"	10	471	60
"472.3"	0.75	0	"anova"	6	472	60
"473.3"	0.75	0	"anova"	3	473	60
"474.3"	0.75	0	"anova"	2	474	60
"475.3"	0.75	0	"anova"	3	475	60
"476.3"	0.75	0	"anova"	2	476	60
"477.3"	0.75	0	"anova"	3	477	60
"478.3"	0.75	0	"anova"	1	478	60
"479.3"	0.75	0	"anova"	5	479	60
"480.3"	0.75	0	"anova"	0	480	60
"481.3"	1	0	"anova"	2	481	60
"482.3"	1	0	"anova"	5	482	60
"483.3"	1	0	"anova"	1	483	60
"484.3"	1	0	"anova"	2	484	60
"485.3"	1	0	"anova"	2	485	60
"486.3"	1	0	"anova"	2	486	60
"487.3"	1	0	"anova"	3	487	60
"488.3"	1	0	"anova"	3	488	60
"489.3"	1	0	"anova"	0	489	60
"490.3"	1	0	"anova"	1	490	60
"491.3"	1	0	"anova"	2	491	60
"492.3"	1	0	"anova"	4	492	60
"493.3"	1	0	"anova"	3	493	60
"494.3"	1	0	"anova"	1	494	60
"495.3"	1	0	"anova"	6	495	60
"496.3"	1	0	"anova"	2	496	60
"497.3"	1	0	"anova"	0	497	60
"498.3"	1	0	"anova"	2	498	60
"499.3"	1	0	"anova"	3	499	60
"500.3"	1	0	"anova"	0	500	60
"1.4"	0	0.0333333333333333	"glmm"	2	1	60
"2.4"	0	0.05	"glmm"	3	2	60
"3.4"	0	0	"glmm"	0	3	60
"4.4"	0	0.05	"glmm"	2	4	60
"5.4"	0	0.05	"glmm"	3	5	60
"6.4"	0	0.05	"glmm"	2	6	60
"7.4"	0	0.0333333333333333	"glmm"	2	7	60
"8.4"	0	0.05	"glmm"	2	8	60
"9.4"	0	0.05	"glmm"	3	9	60
"10.4"	0	0.1	"glmm"	4	10	60
"11.4"	0	0.05	"glmm"	2	11	60
"12.4"	0	0.0666666666666667	"glmm"	3	12	60
"13.4"	0	0.1	"glmm"	9	13	60
"14.4"	0	0.05	"glmm"	2	14	60
"15.4"	0	0.05	"glmm"	3	15	60
"16.4"	0	0	"glmm"	0	16	60
"17.4"	0	0.116666666666667	"glmm"	6	17	60
"18.4"	0	0.0833333333333333	"glmm"	4	18	60
"19.4"	0	0.0166666666666667	"glmm"	1	19	60
"20.4"	0	0.05	"glmm"	3	20	60
"21.4"	0.25	0.05	"glmm"	3	21	60
"22.4"	0.25	0.05	"glmm"	3	22	60
"23.4"	0.25	0.0166666666666667	"glmm"	2	23	60
"24.4"	0.25	0.0666666666666667	"glmm"	4	24	60
"25.4"	0.25	0.0833333333333333	"glmm"	7.00000000000002	25	60
"26.4"	0.25	0.0333333333333333	"glmm"	4	26	60
"27.4"	0.25	0.1	"glmm"	7.00000000000002	27	60
"28.4"	0.25	0.0666666666666667	"glmm"	3	28	60
"29.4"	0.25	0.0333333333333333	"glmm"	2	29	60
"30.4"	0.25	0.05	"glmm"	3	30	60
"31.4"	0.25	0	"glmm"	0	31	60
"32.4"	0.25	0.0166666666666667	"glmm"	1	32	60
"33.4"	0.25	0.0666666666666667	"glmm"	4	33	60
"34.4"	0.25	0.0666666666666667	"glmm"	5	34	60
"35.4"	0.25	0.0666666666666667	"glmm"	6	35	60
"36.4"	0.25	0.0333333333333333	"glmm"	2	36	60
"37.4"	0.25	0.0166666666666667	"glmm"	1	37	60
"38.4"	0.25	0.0333333333333333	"glmm"	3	38	60
"39.4"	0.25	0.0166666666666667	"glmm"	1	39	60
"40.4"	0.25	0.0666666666666667	"glmm"	4	40	60
"41.4"	0.5	0.0666666666666667	"glmm"	4	41	60
"42.4"	0.5	0.0666666666666667	"glmm"	5	42	60
"43.4"	0.5	0.116666666666667	"glmm"	7.99999999999998	43	60
"44.4"	0.5	0	"glmm"	1	44	60
"45.4"	0.5	0.0166666666666667	"glmm"	2	45	60
"46.4"	0.5	0.0666666666666667	"glmm"	5	46	60
"47.4"	0.5	0.1	"glmm"	6	47	60
"48.4"	0.5	0.0666666666666667	"glmm"	4	48	60
"49.4"	0.5	0.05	"glmm"	5	49	60
"50.4"	0.5	0.05	"glmm"	3	50	60
"51.4"	0.5	0.0333333333333333	"glmm"	3	51	60
"52.4"	0.5	0.166666666666667	"glmm"	10	52	60
"53.4"	0.5	0.0833333333333333	"glmm"	5	53	60
"54.4"	0.5	0.05	"glmm"	3	54	60
"55.4"	0.5	0.0333333333333333	"glmm"	2	55	60
"56.4"	0.5	0.0666666666666667	"glmm"	5	56	60
"57.4"	0.5	0.05	"glmm"	4	57	60
"58.4"	0.5	0.116666666666667	"glmm"	7.00000000000002	58	60
"59.4"	0.5	0.0666666666666667	"glmm"	4	59	60
"60.4"	0.5	0.0166666666666667	"glmm"	1	60	60
"61.4"	0.75	0.0166666666666667	"glmm"	1	61	60
"62.4"	0.75	0.05	"glmm"	3	62	60
"63.4"	0.75	0.05	"glmm"	3	63	60
"64.4"	0.75	0	"glmm"	0	64	60
"65.4"	0.75	0.0333333333333333	"glmm"	3	65	60
"66.4"	0.75	0.0666666666666667	"glmm"	5	66	60
"67.4"	0.75	0.0666666666666667	"glmm"	4	67	60
"68.4"	0.75	0.0833333333333333	"glmm"	5	68	60
"69.4"	0.75	0.0333333333333333	"glmm"	2	69	60
"70.4"	0.75	0.0833333333333333	"glmm"	6	70	60
"71.4"	0.75	0.166666666666667	"glmm"	10	71	60
"72.4"	0.75	0.1	"glmm"	7.99999999999998	72	60
"73.4"	0.75	0.05	"glmm"	4	73	60
"74.4"	0.75	0.0333333333333333	"glmm"	2	74	60
"75.4"	0.75	0.05	"glmm"	4	75	60
"76.4"	0.75	0.0333333333333333	"glmm"	3	76	60
"77.4"	0.75	0.05	"glmm"	3	77	60
"78.4"	0.75	0.0166666666666667	"glmm"	3	78	60
"79.4"	0.75	0.0833333333333333	"glmm"	5	79	60
"80.4"	0.75	0	"glmm"	1	80	60
"81.4"	1	0.0333333333333333	"glmm"	3	81	60
"82.4"	1	0.0833333333333333	"glmm"	6	82	60
"83.4"	1	0.0166666666666667	"glmm"	3	83	60
"84.4"	1	0.0333333333333333	"glmm"	2	84	60
"85.4"	1	0.0333333333333333	"glmm"	2	85	60
"86.4"	1	0.0333333333333333	"glmm"	3	86	60
"87.4"	1	0.05	"glmm"	4	87	60
"88.4"	1	0.05	"glmm"	3	88	60
"89.4"	1	0	"glmm"	0	89	60
"90.4"	1	0.0166666666666667	"glmm"	1	90	60
"91.4"	1	0.0333333333333333	"glmm"	3	91	60
"92.4"	1	0.0666666666666667	"glmm"	7.00000000000002	92	60
"93.4"	1	0.05	"glmm"	4	93	60
"94.4"	1	0.0166666666666667	"glmm"	2	94	60
"95.4"	1	0.1	"glmm"	7.00000000000002	95	60
"96.4"	1	0.0333333333333333	"glmm"	3	96	60
"97.4"	1	0	"glmm"	0	97	60
"98.4"	1	0.0333333333333333	"glmm"	2	98	60
"99.4"	1	0.05	"glmm"	3	99	60
"100.4"	1	0	"glmm"	0	100	60
"101.4"	0	0.0333333333333333	"glmm"	2	101	60
"102.4"	0	0.05	"glmm"	3	102	60
"103.4"	0	0	"glmm"	0	103	60
"104.4"	0	0.0333333333333333	"glmm"	2	104	60
"105.4"	0	0.05	"glmm"	3	105	60
"106.4"	0	0.0333333333333333	"glmm"	2	106	60
"107.4"	0	0.0333333333333333	"glmm"	2	107	60
"108.4"	0	0.0333333333333333	"glmm"	2	108	60
"109.4"	0	0.05	"glmm"	3	109	60
"110.4"	0	0.0666666666666667	"glmm"	4	110	60
"111.4"	0	0.0333333333333333	"glmm"	2	111	60
"112.4"	0	0.05	"glmm"	3	112	60
"113.4"	0	0.15	"glmm"	9	113	60
"114.4"	0	0.0333333333333333	"glmm"	2	114	60
"115.4"	0	0.05	"glmm"	3	115	60
"116.4"	0	0	"glmm"	0	116	60
"117.4"	0	0.1	"glmm"	6	117	60
"118.4"	0	0.0666666666666667	"glmm"	4	118	60
"119.4"	0	0.0166666666666667	"glmm"	1	119	60
"120.4"	0	0.05	"glmm"	3	120	60
"121.4"	0.25	0.05	"glmm"	3	121	60
"122.4"	0.25	0.05	"glmm"	3	122	60
"123.4"	0.25	0.0333333333333333	"glmm"	2	123	60
"124.4"	0.25	0.0666666666666667	"glmm"	4	124	60
"125.4"	0.25	0.116666666666667	"glmm"	7.00000000000002	125	60
"126.4"	0.25	0.0666666666666667	"glmm"	4	126	60
"127.4"	0.25	0.116666666666667	"glmm"	7.00000000000002	127	60
"128.4"	0.25	0.05	"glmm"	3	128	60
"129.4"	0.25	0.0333333333333333	"glmm"	2	129	60
"130.4"	0.25	0.05	"glmm"	3	130	60
"131.4"	0.25	0	"glmm"	0	131	60
"132.4"	0.25	0.0166666666666667	"glmm"	1	132	60
"133.4"	0.25	0.0666666666666667	"glmm"	4	133	60
"134.4"	0.25	0.0833333333333333	"glmm"	5	134	60
"135.4"	0.25	0.1	"glmm"	6	135	60
"136.4"	0.25	0.0333333333333333	"glmm"	2	136	60
"137.4"	0.25	0.0166666666666667	"glmm"	1	137	60
"138.4"	0.25	0.05	"glmm"	3	138	60
"139.4"	0.25	0.0166666666666667	"glmm"	1	139	60
"140.4"	0.25	0.0666666666666667	"glmm"	4	140	60
"141.4"	0.5	0.0666666666666667	"glmm"	4	141	60
"142.4"	0.5	0.0833333333333333	"glmm"	5	142	60
"143.4"	0.5	0.133333333333333	"glmm"	7.99999999999998	143	60
"144.4"	0.5	0.0166666666666667	"glmm"	1	144	60
"145.4"	0.5	0.0333333333333333	"glmm"	2	145	60
"146.4"	0.5	0.0833333333333333	"glmm"	5	146	60
"147.4"	0.5	0.1	"glmm"	6	147	60
"148.4"	0.5	0.0666666666666667	"glmm"	4	148	60
"149.4"	0.5	0.0833333333333333	"glmm"	5	149	60
"150.4"	0.5	0.05	"glmm"	3	150	60
"151.4"	0.5	0.05	"glmm"	3	151	60
"152.4"	0.5	0.166666666666667	"glmm"	10	152	60
"153.4"	0.5	0.0833333333333333	"glmm"	5	153	60
"154.4"	0.5	0.05	"glmm"	3	154	60
"155.4"	0.5	0.0333333333333333	"glmm"	2	155	60
"156.4"	0.5	0.0833333333333333	"glmm"	5	156	60
"157.4"	0.5	0.0666666666666667	"glmm"	4	157	60
"158.4"	0.5	0.116666666666667	"glmm"	7.00000000000002	158	60
"159.4"	0.5	0.0666666666666667	"glmm"	4	159	60
"160.4"	0.5	0.0166666666666667	"glmm"	1	160	60
"161.4"	0.75	0.0166666666666667	"glmm"	1	161	60
"162.4"	0.75	0.05	"glmm"	3	162	60
"163.4"	0.75	0.05	"glmm"	3	163	60
"164.4"	0.75	0	"glmm"	0	164	60
"165.4"	0.75	0.05	"glmm"	3	165	60
"166.4"	0.75	0.0833333333333333	"glmm"	5	166	60
"167.4"	0.75	0.0666666666666667	"glmm"	4	167	60
"168.4"	0.75	0.0833333333333333	"glmm"	5	168	60
"169.4"	0.75	0.0333333333333333	"glmm"	2	169	60
"170.4"	0.75	0.1	"glmm"	6	170	60
"171.4"	0.75	0.166666666666667	"glmm"	10	171	60
"172.4"	0.75	0.133333333333333	"glmm"	7.99999999999998	172	60
"173.4"	0.75	0.0666666666666667	"glmm"	4	173	60
"174.4"	0.75	0.0333333333333333	"glmm"	2	174	60
"175.4"	0.75	0.0666666666666667	"glmm"	4	175	60
"176.4"	0.75	0.05	"glmm"	3	176	60
"177.4"	0.75	0.05	"glmm"	3	177	60
"178.4"	0.75	0.05	"glmm"	3	178	60
"179.4"	0.75	0.0833333333333333	"glmm"	5	179	60
"180.4"	0.75	0.0166666666666667	"glmm"	1	180	60
"181.4"	1	0.05	"glmm"	3	181	60
"182.4"	1	0.1	"glmm"	6	182	60
"183.4"	1	0.05	"glmm"	3	183	60
"184.4"	1	0.0333333333333333	"glmm"	2	184	60
"185.4"	1	0.0333333333333333	"glmm"	2	185	60
"186.4"	1	0.05	"glmm"	3	186	60
"187.4"	1	0.0666666666666667	"glmm"	4	187	60
"188.4"	1	0.05	"glmm"	3	188	60
"189.4"	1	0	"glmm"	0	189	60
"190.4"	1	0.0166666666666667	"glmm"	1	190	60
"191.4"	1	0.05	"glmm"	3	191	60
"192.4"	1	0.116666666666667	"glmm"	7.00000000000002	192	60
"193.4"	1	0.0666666666666667	"glmm"	4	193	60
"194.4"	1	0.0333333333333333	"glmm"	2	194	60
"195.4"	1	0.116666666666667	"glmm"	7.00000000000002	195	60
"196.4"	1	0.05	"glmm"	3	196	60
"197.4"	1	0	"glmm"	0	197	60
"198.4"	1	0.0333333333333333	"glmm"	2	198	60
"199.4"	1	0.05	"glmm"	3	199	60
"200.4"	1	0	"glmm"	0	200	60
"201.4"	0	0.0333333333333333	"glmm"	2	201	60
"202.4"	0	0.05	"glmm"	3	202	60
"203.4"	0	0	"glmm"	0	203	60
"204.4"	0	0	"glmm"	2	204	60
"205.4"	0	0.0333333333333333	"glmm"	3	205	60
"206.4"	0	0.0166666666666667	"glmm"	2	206	60
"207.4"	0	0.0333333333333333	"glmm"	2	207	60
"208.4"	0	0.0333333333333333	"glmm"	2	208	60
"209.4"	0	0.0333333333333333	"glmm"	3	209	60
"210.4"	0	0.0666666666666667	"glmm"	4	210	60
"211.4"	0	0.0166666666666667	"glmm"	2	211	60
"212.4"	0	0.0166666666666667	"glmm"	3	212	60
"213.4"	0	0.0833333333333333	"glmm"	9	213	60
"214.4"	0	0.0166666666666667	"glmm"	2	214	60
"215.4"	0	0.05	"glmm"	3	215	60
"216.4"	0	0	"glmm"	0	216	60
"217.4"	0	0.1	"glmm"	6	217	60
"218.4"	0	0.05	"glmm"	4	218	60
"219.4"	0	0.0166666666666667	"glmm"	1	219	60
"220.4"	0	0.05	"glmm"	3	220	60
"221.4"	0.25	0.05	"glmm"	3	221	60
"222.4"	0.25	0.0333333333333333	"glmm"	3	222	60
"223.4"	0.25	0.0166666666666667	"glmm"	2	223	60
"224.4"	0.25	0.0833333333333333	"glmm"	4	224	60
"225.4"	0.25	0.116666666666667	"glmm"	7.00000000000002	225	60
"226.4"	0.25	0.05	"glmm"	4	226	60
"227.4"	0.25	0.1	"glmm"	7.00000000000002	227	60
"228.4"	0.25	0.0666666666666667	"glmm"	3	228	60
"229.4"	0.25	0.0166666666666667	"glmm"	2	229	60
"230.4"	0.25	0.05	"glmm"	3	230	60
"231.4"	0.25	0	"glmm"	0	231	60
"232.4"	0.25	0.0166666666666667	"glmm"	1	232	60
"233.4"	0.25	0.0833333333333333	"glmm"	4	233	60
"234.4"	0.25	0.0833333333333333	"glmm"	5	234	60
"235.4"	0.25	0.0833333333333333	"glmm"	6	235	60
"236.4"	0.25	0.0333333333333333	"glmm"	2	236	60
"237.4"	0.25	0.0333333333333333	"glmm"	1	237	60
"238.4"	0.25	0.05	"glmm"	3	238	60
"239.4"	0.25	0	"glmm"	1	239	60
"240.4"	0.25	0.0666666666666667	"glmm"	4	240	60
"241.4"	0.5	0.0666666666666667	"glmm"	4	241	60
"242.4"	0.5	0.0666666666666667	"glmm"	5	242	60
"243.4"	0.5	0.0833333333333333	"glmm"	7.99999999999998	243	60
"244.4"	0.5	0.0333333333333333	"glmm"	1	244	60
"245.4"	0.5	0.0666666666666667	"glmm"	2	245	60
"246.4"	0.5	0.0833333333333333	"glmm"	5	246	60
"247.4"	0.5	0.1	"glmm"	6	247	60
"248.4"	0.5	0.0666666666666667	"glmm"	4	248	60
"249.4"	0.5	0.0333333333333333	"glmm"	5	249	60
"250.4"	0.5	0.05	"glmm"	3	250	60
"251.4"	0.5	0.05	"glmm"	3	251	60
"252.4"	0.5	0.166666666666667	"glmm"	10	252	60
"253.4"	0.5	0.0666666666666667	"glmm"	5	253	60
"254.4"	0.5	0.05	"glmm"	3	254	60
"255.4"	0.5	0.0333333333333333	"glmm"	2	255	60
"256.4"	0.5	0.0833333333333333	"glmm"	5	256	60
"257.4"	0.5	0.0666666666666667	"glmm"	4	257	60
"258.4"	0.5	0.133333333333333	"glmm"	7.00000000000002	258	60
"259.4"	0.5	0.05	"glmm"	4	259	60
"260.4"	0.5	0.0333333333333333	"glmm"	1	260	60
"261.4"	0.75	0	"glmm"	1	261	60
"262.4"	0.75	0.05	"glmm"	3	262	60
"263.4"	0.75	0.0333333333333333	"glmm"	3	263	60
"264.4"	0.75	0	"glmm"	0	264	60
"265.4"	0.75	0.05	"glmm"	3	265	60
"266.4"	0.75	0.05	"glmm"	5	266	60
"267.4"	0.75	0.0666666666666667	"glmm"	4	267	60
"268.4"	0.75	0.0666666666666667	"glmm"	5	268	60
"269.4"	0.75	0.0333333333333333	"glmm"	2	269	60
"270.4"	0.75	0.0833333333333333	"glmm"	6	270	60
"271.4"	0.75	0.15	"glmm"	10	271	60
"272.4"	0.75	0.0833333333333333	"glmm"	7.99999999999998	272	60
"273.4"	0.75	0.05	"glmm"	4	273	60
"274.4"	0.75	0.0333333333333333	"glmm"	2	274	60
"275.4"	0.75	0.0666666666666667	"glmm"	4	275	60
"276.4"	0.75	0.05	"glmm"	3	276	60
"277.4"	0.75	0.05	"glmm"	3	277	60
"278.4"	0.75	0.0166666666666667	"glmm"	3	278	60
"279.4"	0.75	0.0666666666666667	"glmm"	5	279	60
"280.4"	0.75	0	"glmm"	1	280	60
"281.4"	1	0.0333333333333333	"glmm"	3	281	60
"282.4"	1	0.1	"glmm"	6	282	60
"283.4"	1	0.05	"glmm"	3	283	60
"284.4"	1	0.0333333333333333	"glmm"	2	284	60
"285.4"	1	0.0166666666666667	"glmm"	2	285	60
"286.4"	1	0.0166666666666667	"glmm"	3	286	60
"287.4"	1	0.0833333333333333	"glmm"	4	287	60
"288.4"	1	0.0666666666666667	"glmm"	3	288	60
"289.4"	1	0	"glmm"	0	289	60
"290.4"	1	0.0166666666666667	"glmm"	1	290	60
"291.4"	1	0.05	"glmm"	3	291	60
"292.4"	1	0.116666666666667	"glmm"	7.00000000000002	292	60
"293.4"	1	0.0166666666666667	"glmm"	4	293	60
"294.4"	1	0.05	"glmm"	2	294	60
"295.4"	1	0.1	"glmm"	7.00000000000002	295	60
"296.4"	1	0.0666666666666667	"glmm"	3	296	60
"297.4"	1	0.0166666666666667	"glmm"	0	297	60
"298.4"	1	0.05	"glmm"	2	298	60
"299.4"	1	0.0666666666666667	"glmm"	3	299	60
"300.4"	1	0	"glmm"	0	300	60
"301.4"	0	0	"glmm"	2	301	60
"302.4"	0	0	"glmm"	3	302	60
"303.4"	0	0	"glmm"	0	303	60
"304.4"	0	0	"glmm"	2	304	60
"305.4"	0	0	"glmm"	3	305	60
"306.4"	0	0	"glmm"	2	306	60
"307.4"	0	0	"glmm"	2	307	60
"308.4"	0	0	"glmm"	2	308	60
"309.4"	0	0	"glmm"	3	309	60
"310.4"	0	0	"glmm"	4	310	60
"311.4"	0	0	"glmm"	2	311	60
"312.4"	0	0	"glmm"	3	312	60
"313.4"	0	0	"glmm"	9	313	60
"314.4"	0	0	"glmm"	2	314	60
"315.4"	0	0	"glmm"	3	315	60
"316.4"	0	0	"glmm"	0	316	60
"317.4"	0	0	"glmm"	6	317	60
"318.4"	0	0	"glmm"	4	318	60
"319.4"	0	0	"glmm"	1	319	60
"320.4"	0	0	"glmm"	3	320	60
"321.4"	0.25	0	"glmm"	3	321	60
"322.4"	0.25	0	"glmm"	3	322	60
"323.4"	0.25	0	"glmm"	2	323	60
"324.4"	0.25	0	"glmm"	4	324	60
"325.4"	0.25	0	"glmm"	7.00000000000002	325	60
"326.4"	0.25	0	"glmm"	4	326	60
"327.4"	0.25	0	"glmm"	7.00000000000002	327	60
"328.4"	0.25	0	"glmm"	3	328	60
"329.4"	0.25	0	"glmm"	2	329	60
"330.4"	0.25	0	"glmm"	3	330	60
"331.4"	0.25	0	"glmm"	0	331	60
"332.4"	0.25	0	"glmm"	1	332	60
"333.4"	0.25	0	"glmm"	4	333	60
"334.4"	0.25	0	"glmm"	5	334	60
"335.4"	0.25	0	"glmm"	6	335	60
"336.4"	0.25	0	"glmm"	2	336	60
"337.4"	0.25	0	"glmm"	1	337	60
"338.4"	0.25	0	"glmm"	3	338	60
"339.4"	0.25	0	"glmm"	1	339	60
"340.4"	0.25	0	"glmm"	4	340	60
"341.4"	0.5	0	"glmm"	4	341	60
"342.4"	0.5	0	"glmm"	5	342	60
"343.4"	0.5	0	"glmm"	7.99999999999998	343	60
"344.4"	0.5	0	"glmm"	1	344	60
"345.4"	0.5	0	"glmm"	2	345	60
"346.4"	0.5	0	"glmm"	5	346	60
"347.4"	0.5	0	"glmm"	6	347	60
"348.4"	0.5	0	"glmm"	4	348	60
"349.4"	0.5	0	"glmm"	5	349	60
"350.4"	0.5	0	"glmm"	3	350	60
"351.4"	0.5	0	"glmm"	3	351	60
"352.4"	0.5	0	"glmm"	10	352	60
"353.4"	0.5	0	"glmm"	5	353	60
"354.4"	0.5	0	"glmm"	3	354	60
"355.4"	0.5	0	"glmm"	2	355	60
"356.4"	0.5	1	"glmm"	5	356	60
"357.4"	0.5	0	"glmm"	4	357	60
"358.4"	0.5	0	"glmm"	7.00000000000002	358	60
"359.4"	0.5	0	"glmm"	4	359	60
"360.4"	0.5	0	"glmm"	1	360	60
"361.4"	0.75	0	"glmm"	1	361	60
"362.4"	0.75	0	"glmm"	3	362	60
"363.4"	0.75	0	"glmm"	3	363	60
"364.4"	0.75	0	"glmm"	0	364	60
"365.4"	0.75	0	"glmm"	3	365	60
"366.4"	0.75	0	"glmm"	5	366	60
"367.4"	0.75	0	"glmm"	4	367	60
"368.4"	0.75	0	"glmm"	5	368	60
"369.4"	0.75	0	"glmm"	2	369	60
"370.4"	0.75	0	"glmm"	6	370	60
"371.4"	0.75	0	"glmm"	10	371	60
"372.4"	0.75	0	"glmm"	7.99999999999998	372	60
"373.4"	0.75	0	"glmm"	4	373	60
"374.4"	0.75	0	"glmm"	2	374	60
"375.4"	0.75	0	"glmm"	4	375	60
"376.4"	0.75	0	"glmm"	3	376	60
"377.4"	0.75	0	"glmm"	3	377	60
"378.4"	0.75	0	"glmm"	3	378	60
"379.4"	0.75	1	"glmm"	5	379	60
"380.4"	0.75	0	"glmm"	1	380	60
"381.4"	1	0	"glmm"	3	381	60
"382.4"	1	0	"glmm"	6	382	60
"383.4"	1	0	"glmm"	3	383	60
"384.4"	1	0	"glmm"	2	384	60
"385.4"	1	0	"glmm"	2	385	60
"386.4"	1	0	"glmm"	3	386	60
"387.4"	1	0	"glmm"	4	387	60
"388.4"	1	0	"glmm"	3	388	60
"389.4"	1	0	"glmm"	0	389	60
"390.4"	1	0	"glmm"	1	390	60
"391.4"	1	0	"glmm"	3	391	60
"392.4"	1	0	"glmm"	7.00000000000002	392	60
"393.4"	1	0	"glmm"	4	393	60
"394.4"	1	0	"glmm"	2	394	60
"395.4"	1	0	"glmm"	7.00000000000002	395	60
"396.4"	1	0	"glmm"	3	396	60
"397.4"	1	0	"glmm"	0	397	60
"398.4"	1	0	"glmm"	2	398	60
"399.4"	1	0	"glmm"	3	399	60
"400.4"	1	0	"glmm"	0	400	60
"401.4"	0	0	"glmm"	2	401	60
"402.4"	0	0	"glmm"	3	402	60
"403.4"	0	0	"glmm"	0	403	60
"404.4"	0	0	"glmm"	2	404	60
"405.4"	0	0	"glmm"	3	405	60
"406.4"	0	0	"glmm"	2	406	60
"407.4"	0	0	"glmm"	2	407	60
"408.4"	0	0	"glmm"	2	408	60
"409.4"	0	0	"glmm"	3	409	60
"410.4"	0	0	"glmm"	4	410	60
"411.4"	0	0	"glmm"	2	411	60
"412.4"	0	0	"glmm"	3	412	60
"413.4"	0	0	"glmm"	9	413	60
"414.4"	0	0	"glmm"	2	414	60
"415.4"	0	0	"glmm"	3	415	60
"416.4"	0	0	"glmm"	0	416	60
"417.4"	0	0	"glmm"	6	417	60
"418.4"	0	0	"glmm"	4	418	60
"419.4"	0	0	"glmm"	1	419	60
"420.4"	0	0	"glmm"	3	420	60
"421.4"	0.25	0	"glmm"	3	421	60
"422.4"	0.25	0	"glmm"	3	422	60
"423.4"	0.25	0	"glmm"	2	423	60
"424.4"	0.25	0	"glmm"	4	424	60
"425.4"	0.25	0	"glmm"	7.00000000000002	425	60
"426.4"	0.25	0	"glmm"	4	426	60
"427.4"	0.25	0	"glmm"	7.00000000000002	427	60
"428.4"	0.25	0	"glmm"	3	428	60
"429.4"	0.25	0	"glmm"	2	429	60
"430.4"	0.25	0	"glmm"	3	430	60
"431.4"	0.25	0	"glmm"	0	431	60
"432.4"	0.25	0	"glmm"	1	432	60
"433.4"	0.25	0	"glmm"	4	433	60
"434.4"	0.25	0	"glmm"	5	434	60
"435.4"	0.25	0	"glmm"	6	435	60
"436.4"	0.25	0	"glmm"	2	436	60
"437.4"	0.25	0	"glmm"	1	437	60
"438.4"	0.25	0	"glmm"	3	438	60
"439.4"	0.25	0	"glmm"	1	439	60
"440.4"	0.25	0	"glmm"	4	440	60
"441.4"	0.5	0	"glmm"	4	441	60
"442.4"	0.5	0	"glmm"	5	442	60
"443.4"	0.5	0	"glmm"	7.99999999999998	443	60
"444.4"	0.5	0	"glmm"	1	444	60
"445.4"	0.5	0	"glmm"	2	445	60
"446.4"	0.5	0	"glmm"	5	446	60
"447.4"	0.5	0	"glmm"	6	447	60
"448.4"	0.5	0	"glmm"	4	448	60
"449.4"	0.5	0	"glmm"	5	449	60
"450.4"	0.5	0	"glmm"	3	450	60
"451.4"	0.5	0	"glmm"	3	451	60
"452.4"	0.5	0	"glmm"	10	452	60
"453.4"	0.5	0	"glmm"	5	453	60
"454.4"	0.5	0	"glmm"	3	454	60
"455.4"	0.5	0	"glmm"	2	455	60
"456.4"	0.5	1	"glmm"	5	456	60
"457.4"	0.5	0	"glmm"	4	457	60
"458.4"	0.5	0	"glmm"	7.00000000000002	458	60
"459.4"	0.5	0	"glmm"	4	459	60
"460.4"	0.5	0	"glmm"	1	460	60
"461.4"	0.75	0	"glmm"	1	461	60
"462.4"	0.75	0	"glmm"	3	462	60
"463.4"	0.75	0	"glmm"	3	463	60
"464.4"	0.75	0	"glmm"	0	464	60
"465.4"	0.75	0	"glmm"	3	465	60
"466.4"	0.75	0	"glmm"	5	466	60
"467.4"	0.75	0	"glmm"	4	467	60
"468.4"	0.75	0	"glmm"	5	468	60
"469.4"	0.75	0	"glmm"	2	469	60
"470.4"	0.75	0	"glmm"	6	470	60
"471.4"	0.75	0	"glmm"	10	471	60
"472.4"	0.75	0	"glmm"	7.99999999999998	472	60
"473.4"	0.75	0	"glmm"	4	473	60
"474.4"	0.75	0	"glmm"	2	474	60
"475.4"	0.75	0	"glmm"	4	475	60
"476.4"	0.75	0	"glmm"	3	476	60
"477.4"	0.75	0	"glmm"	3	477	60
"478.4"	0.75	0	"glmm"	3	478	60
"479.4"	0.75	0	"glmm"	5	479	60
"480.4"	0.75	0	"glmm"	1	480	60
"481.4"	1	0	"glmm"	3	481	60
"482.4"	1	0	"glmm"	6	482	60
"483.4"	1	0	"glmm"	3	483	60
"484.4"	1	0	"glmm"	2	484	60
"485.4"	1	0	"glmm"	2	485	60
"486.4"	1	0	"glmm"	3	486	60
"487.4"	1	0	"glmm"	4	487	60
"488.4"	1	0	"glmm"	3	488	60
"489.4"	1	0	"glmm"	0	489	60
"490.4"	1	0	"glmm"	1	490	60
"491.4"	1	0	"glmm"	3	491	60
"492.4"	1	0	"glmm"	7.00000000000002	492	60
"493.4"	1	0	"glmm"	4	493	60
"494.4"	1	0	"glmm"	2	494	60
"495.4"	1	0	"glmm"	7.00000000000002	495	60
"496.4"	1	0	"glmm"	3	496	60
"497.4"	1	0	"glmm"	0	497	60
"498.4"	1	0	"glmm"	2	498	60
"499.4"	1	0	"glmm"	3	499	60
"500.4"	1	0	"glmm"	0	500	60
"1.5"	0	0.0333333333333333	"bglmm"	2	1	60
"2.5"	0	0.05	"bglmm"	3	2	60
"3.5"	0	0	"bglmm"	0	3	60
"4.5"	0	0.05	"bglmm"	0	4	60
"5.5"	0	0.05	"bglmm"	2	5	60
"6.5"	0	0.05	"bglmm"	1	6	60
"7.5"	0	0.0333333333333333	"bglmm"	2	7	60
"8.5"	0	0.05	"bglmm"	2	8	60
"9.5"	0	0.05	"bglmm"	2	9	60
"10.5"	0	0.1	"bglmm"	4	10	60
"11.5"	0	0.05	"bglmm"	1	11	60
"12.5"	0	0.0666666666666667	"bglmm"	1	12	60
"13.5"	0	0.1	"bglmm"	5	13	60
"14.5"	0	0.05	"bglmm"	1	14	60
"15.5"	0	0.05	"bglmm"	3	15	60
"16.5"	0	0	"bglmm"	0	16	60
"17.5"	0	0.116666666666667	"bglmm"	6	17	60
"18.5"	0	0.0833333333333333	"bglmm"	3	18	60
"19.5"	0	0.0166666666666667	"bglmm"	1	19	60
"20.5"	0	0.05	"bglmm"	3	20	60
"21.5"	0.25	0.05	"bglmm"	3	21	60
"22.5"	0.25	0.05	"bglmm"	2	22	60
"23.5"	0.25	0.0166666666666667	"bglmm"	1	23	60
"24.5"	0.25	0.0666666666666667	"bglmm"	5	24	60
"25.5"	0.25	0.0833333333333333	"bglmm"	7.00000000000002	25	60
"26.5"	0.25	0.0333333333333333	"bglmm"	3	26	60
"27.5"	0.25	0.1	"bglmm"	6	27	60
"28.5"	0.25	0.0666666666666667	"bglmm"	4	28	60
"29.5"	0.25	0.0333333333333333	"bglmm"	1	29	60
"30.5"	0.25	0.05	"bglmm"	3	30	60
"31.5"	0.25	0	"bglmm"	0	31	60
"32.5"	0.25	0.0166666666666667	"bglmm"	1	32	60
"33.5"	0.25	0.0666666666666667	"bglmm"	5	33	60
"34.5"	0.25	0.0666666666666667	"bglmm"	5	34	60
"35.5"	0.25	0.0666666666666667	"bglmm"	5	35	60
"36.5"	0.25	0.0333333333333333	"bglmm"	2	36	60
"37.5"	0.25	0.0166666666666667	"bglmm"	2	37	60
"38.5"	0.25	0.0333333333333333	"bglmm"	3	38	60
"39.5"	0.25	0.0166666666666667	"bglmm"	0	39	60
"40.5"	0.25	0.0666666666666667	"bglmm"	4	40	60
"41.5"	0.5	0.0666666666666667	"bglmm"	4	41	60
"42.5"	0.5	0.0666666666666667	"bglmm"	4	42	60
"43.5"	0.5	0.116666666666667	"bglmm"	5	43	60
"44.5"	0.5	0	"bglmm"	2	44	60
"45.5"	0.5	0.0166666666666667	"bglmm"	4	45	60
"46.5"	0.5	0.0666666666666667	"bglmm"	5	46	60
"47.5"	0.5	0.1	"bglmm"	6	47	60
"48.5"	0.5	0.0666666666666667	"bglmm"	4	48	60
"49.5"	0.5	0.05	"bglmm"	2	49	60
"50.5"	0.5	0.05	"bglmm"	3	50	60
"51.5"	0.5	0.0333333333333333	"bglmm"	3	51	60
"52.5"	0.5	0.166666666666667	"bglmm"	10	52	60
"53.5"	0.5	0.0833333333333333	"bglmm"	4	53	60
"54.5"	0.5	0.05	"bglmm"	3	54	60
"55.5"	0.5	0.0333333333333333	"bglmm"	2	55	60
"56.5"	0.5	0.0666666666666667	"bglmm"	5	56	60
"57.5"	0.5	0.05	"bglmm"	4	57	60
"58.5"	0.5	0.116666666666667	"bglmm"	7.99999999999998	58	60
"59.5"	0.5	0.0666666666666667	"bglmm"	3	59	60
"60.5"	0.5	0.0166666666666667	"bglmm"	2	60	60
"61.5"	0.75	0.0166666666666667	"bglmm"	0	61	60
"62.5"	0.75	0.05	"bglmm"	3	62	60
"63.5"	0.75	0.05	"bglmm"	2	63	60
"64.5"	0.75	0	"bglmm"	0	64	60
"65.5"	0.75	0.0333333333333333	"bglmm"	3	65	60
"66.5"	0.75	0.0666666666666667	"bglmm"	3	66	60
"67.5"	0.75	0.0666666666666667	"bglmm"	4	67	60
"68.5"	0.75	0.0833333333333333	"bglmm"	4	68	60
"69.5"	0.75	0.0333333333333333	"bglmm"	2	69	60
"70.5"	0.75	0.0833333333333333	"bglmm"	5	70	60
"71.5"	0.75	0.166666666666667	"bglmm"	9	71	60
"72.5"	0.75	0.1	"bglmm"	5	72	60
"73.5"	0.75	0.05	"bglmm"	3	73	60
"74.5"	0.75	0.0333333333333333	"bglmm"	2	74	60
"75.5"	0.75	0.05	"bglmm"	4	75	60
"76.5"	0.75	0.0333333333333333	"bglmm"	3	76	60
"77.5"	0.75	0.05	"bglmm"	3	77	60
"78.5"	0.75	0.0166666666666667	"bglmm"	1	78	60
"79.5"	0.75	0.0833333333333333	"bglmm"	4	79	60
"80.5"	0.75	0	"bglmm"	0	80	60
"81.5"	1	0.0333333333333333	"bglmm"	2	81	60
"82.5"	1	0.0833333333333333	"bglmm"	6	82	60
"83.5"	1	0.0166666666666667	"bglmm"	3	83	60
"84.5"	1	0.0333333333333333	"bglmm"	2	84	60
"85.5"	1	0.0333333333333333	"bglmm"	1	85	60
"86.5"	1	0.0333333333333333	"bglmm"	1	86	60
"87.5"	1	0.05	"bglmm"	5	87	60
"88.5"	1	0.05	"bglmm"	4	88	60
"89.5"	1	0	"bglmm"	0	89	60
"90.5"	1	0.0166666666666667	"bglmm"	1	90	60
"91.5"	1	0.0333333333333333	"bglmm"	3	91	60
"92.5"	1	0.0666666666666667	"bglmm"	7.00000000000002	92	60
"93.5"	1	0.05	"bglmm"	1	93	60
"94.5"	1	0.0166666666666667	"bglmm"	3	94	60
"95.5"	1	0.1	"bglmm"	6	95	60
"96.5"	1	0.0333333333333333	"bglmm"	4	96	60
"97.5"	1	0	"bglmm"	1	97	60
"98.5"	1	0.0333333333333333	"bglmm"	3	98	60
"99.5"	1	0.05	"bglmm"	4	99	60
"100.5"	1	0	"bglmm"	0	100	60
"101.5"	0	0.0333333333333333	"bglmm"	2	101	60
"102.5"	0	0.05	"bglmm"	3	102	60
"103.5"	0	0	"bglmm"	0	103	60
"104.5"	0	0.0333333333333333	"bglmm"	0	104	60
"105.5"	0	0.05	"bglmm"	2	105	60
"106.5"	0	0.0333333333333333	"bglmm"	1	106	60
"107.5"	0	0.0333333333333333	"bglmm"	2	107	60
"108.5"	0	0.0333333333333333	"bglmm"	2	108	60
"109.5"	0	0.05	"bglmm"	2	109	60
"110.5"	0	0.0666666666666667	"bglmm"	4	110	60
"111.5"	0	0.0333333333333333	"bglmm"	1	111	60
"112.5"	0	0.05	"bglmm"	1	112	60
"113.5"	0	0.15	"bglmm"	5	113	60
"114.5"	0	0.0333333333333333	"bglmm"	1	114	60
"115.5"	0	0.05	"bglmm"	3	115	60
"116.5"	0	0	"bglmm"	0	116	60
"117.5"	0	0.1	"bglmm"	6	117	60
"118.5"	0	0.0666666666666667	"bglmm"	3	118	60
"119.5"	0	0.0166666666666667	"bglmm"	1	119	60
"120.5"	0	0.05	"bglmm"	3	120	60
"121.5"	0.25	0.05	"bglmm"	3	121	60
"122.5"	0.25	0.05	"bglmm"	2	122	60
"123.5"	0.25	0.0333333333333333	"bglmm"	1	123	60
"124.5"	0.25	0.0666666666666667	"bglmm"	5	124	60
"125.5"	0.25	0.116666666666667	"bglmm"	7.00000000000002	125	60
"126.5"	0.25	0.0666666666666667	"bglmm"	3	126	60
"127.5"	0.25	0.116666666666667	"bglmm"	6	127	60
"128.5"	0.25	0.05	"bglmm"	4	128	60
"129.5"	0.25	0.0333333333333333	"bglmm"	1	129	60
"130.5"	0.25	0.05	"bglmm"	3	130	60
"131.5"	0.25	0	"bglmm"	0	131	60
"132.5"	0.25	0.0166666666666667	"bglmm"	1	132	60
"133.5"	0.25	0.0666666666666667	"bglmm"	5	133	60
"134.5"	0.25	0.0833333333333333	"bglmm"	5	134	60
"135.5"	0.25	0.1	"bglmm"	5	135	60
"136.5"	0.25	0.0333333333333333	"bglmm"	2	136	60
"137.5"	0.25	0.0166666666666667	"bglmm"	2	137	60
"138.5"	0.25	0.05	"bglmm"	3	138	60
"139.5"	0.25	0.0166666666666667	"bglmm"	0	139	60
"140.5"	0.25	0.0666666666666667	"bglmm"	4	140	60
"141.5"	0.5	0.0666666666666667	"bglmm"	4	141	60
"142.5"	0.5	0.0833333333333333	"bglmm"	4	142	60
"143.5"	0.5	0.133333333333333	"bglmm"	5	143	60
"144.5"	0.5	0.0166666666666667	"bglmm"	2	144	60
"145.5"	0.5	0.0333333333333333	"bglmm"	4	145	60
"146.5"	0.5	0.0833333333333333	"bglmm"	5	146	60
"147.5"	0.5	0.1	"bglmm"	6	147	60
"148.5"	0.5	0.0666666666666667	"bglmm"	4	148	60
"149.5"	0.5	0.0833333333333333	"bglmm"	2	149	60
"150.5"	0.5	0.05	"bglmm"	3	150	60
"151.5"	0.5	0.05	"bglmm"	3	151	60
"152.5"	0.5	0.166666666666667	"bglmm"	10	152	60
"153.5"	0.5	0.0833333333333333	"bglmm"	4	153	60
"154.5"	0.5	0.05	"bglmm"	3	154	60
"155.5"	0.5	0.0333333333333333	"bglmm"	2	155	60
"156.5"	0.5	0.0833333333333333	"bglmm"	5	156	60
"157.5"	0.5	0.0666666666666667	"bglmm"	4	157	60
"158.5"	0.5	0.116666666666667	"bglmm"	7.99999999999998	158	60
"159.5"	0.5	0.0666666666666667	"bglmm"	3	159	60
"160.5"	0.5	0.0166666666666667	"bglmm"	2	160	60
"161.5"	0.75	0.0166666666666667	"bglmm"	0	161	60
"162.5"	0.75	0.05	"bglmm"	3	162	60
"163.5"	0.75	0.05	"bglmm"	2	163	60
"164.5"	0.75	0	"bglmm"	0	164	60
"165.5"	0.75	0.05	"bglmm"	3	165	60
"166.5"	0.75	0.0833333333333333	"bglmm"	3	166	60
"167.5"	0.75	0.0666666666666667	"bglmm"	4	167	60
"168.5"	0.75	0.0833333333333333	"bglmm"	4	168	60
"169.5"	0.75	0.0333333333333333	"bglmm"	2	169	60
"170.5"	0.75	0.1	"bglmm"	5	170	60
"171.5"	0.75	0.166666666666667	"bglmm"	9	171	60
"172.5"	0.75	0.133333333333333	"bglmm"	5	172	60
"173.5"	0.75	0.0666666666666667	"bglmm"	3	173	60
"174.5"	0.75	0.0333333333333333	"bglmm"	2	174	60
"175.5"	0.75	0.0666666666666667	"bglmm"	4	175	60
"176.5"	0.75	0.05	"bglmm"	3	176	60
"177.5"	0.75	0.05	"bglmm"	3	177	60
"178.5"	0.75	0.05	"bglmm"	1	178	60
"179.5"	0.75	0.0833333333333333	"bglmm"	4	179	60
"180.5"	0.75	0.0166666666666667	"bglmm"	0	180	60
"181.5"	1	0.05	"bglmm"	2	181	60
"182.5"	1	0.1	"bglmm"	6	182	60
"183.5"	1	0.05	"bglmm"	3	183	60
"184.5"	1	0.0333333333333333	"bglmm"	2	184	60
"185.5"	1	0.0333333333333333	"bglmm"	1	185	60
"186.5"	1	0.05	"bglmm"	1	186	60
"187.5"	1	0.0666666666666667	"bglmm"	5	187	60
"188.5"	1	0.05	"bglmm"	4	188	60
"189.5"	1	0	"bglmm"	0	189	60
"190.5"	1	0.0166666666666667	"bglmm"	1	190	60
"191.5"	1	0.05	"bglmm"	3	191	60
"192.5"	1	0.116666666666667	"bglmm"	7.00000000000002	192	60
"193.5"	1	0.0666666666666667	"bglmm"	1	193	60
"194.5"	1	0.0333333333333333	"bglmm"	3	194	60
"195.5"	1	0.116666666666667	"bglmm"	6	195	60
"196.5"	1	0.05	"bglmm"	4	196	60
"197.5"	1	0	"bglmm"	1	197	60
"198.5"	1	0.0333333333333333	"bglmm"	3	198	60
"199.5"	1	0.05	"bglmm"	4	199	60
"200.5"	1	0	"bglmm"	0	200	60
"201.5"	0	0.0333333333333333	"bglmm"	2	201	60
"202.5"	0	0.05	"bglmm"	3	202	60
"203.5"	0	0	"bglmm"	0	203	60
"204.5"	0	0	"bglmm"	0	204	60
"205.5"	0	0.0333333333333333	"bglmm"	2	205	60
"206.5"	0	0.0166666666666667	"bglmm"	1	206	60
"207.5"	0	0.0333333333333333	"bglmm"	2	207	60
"208.5"	0	0.0333333333333333	"bglmm"	2	208	60
"209.5"	0	0.0333333333333333	"bglmm"	2	209	60
"210.5"	0	0.0666666666666667	"bglmm"	4	210	60
"211.5"	0	0.0166666666666667	"bglmm"	1	211	60
"212.5"	0	0.0166666666666667	"bglmm"	1	212	60
"213.5"	0	0.0833333333333333	"bglmm"	5	213	60
"214.5"	0	0.0166666666666667	"bglmm"	1	214	60
"215.5"	0	0.05	"bglmm"	3	215	60
"216.5"	0	0	"bglmm"	0	216	60
"217.5"	0	0.1	"bglmm"	6	217	60
"218.5"	0	0.05	"bglmm"	3	218	60
"219.5"	0	0.0166666666666667	"bglmm"	1	219	60
"220.5"	0	0.05	"bglmm"	3	220	60
"221.5"	0.25	0.05	"bglmm"	3	221	60
"222.5"	0.25	0.0333333333333333	"bglmm"	2	222	60
"223.5"	0.25	0.0166666666666667	"bglmm"	1	223	60
"224.5"	0.25	0.0833333333333333	"bglmm"	5	224	60
"225.5"	0.25	0.116666666666667	"bglmm"	7.00000000000002	225	60
"226.5"	0.25	0.05	"bglmm"	3	226	60
"227.5"	0.25	0.1	"bglmm"	6	227	60
"228.5"	0.25	0.0666666666666667	"bglmm"	4	228	60
"229.5"	0.25	0.0166666666666667	"bglmm"	1	229	60
"230.5"	0.25	0.05	"bglmm"	3	230	60
"231.5"	0.25	0	"bglmm"	0	231	60
"232.5"	0.25	0.0166666666666667	"bglmm"	1	232	60
"233.5"	0.25	0.0833333333333333	"bglmm"	5	233	60
"234.5"	0.25	0.0833333333333333	"bglmm"	5	234	60
"235.5"	0.25	0.0833333333333333	"bglmm"	5	235	60
"236.5"	0.25	0.0333333333333333	"bglmm"	2	236	60
"237.5"	0.25	0.0333333333333333	"bglmm"	2	237	60
"238.5"	0.25	0.05	"bglmm"	3	238	60
"239.5"	0.25	0	"bglmm"	0	239	60
"240.5"	0.25	0.0666666666666667	"bglmm"	4	240	60
"241.5"	0.5	0.0666666666666667	"bglmm"	4	241	60
"242.5"	0.5	0.0666666666666667	"bglmm"	4	242	60
"243.5"	0.5	0.0833333333333333	"bglmm"	5	243	60
"244.5"	0.5	0.0333333333333333	"bglmm"	2	244	60
"245.5"	0.5	0.0666666666666667	"bglmm"	4	245	60
"246.5"	0.5	0.0833333333333333	"bglmm"	5	246	60
"247.5"	0.5	0.1	"bglmm"	6	247	60
"248.5"	0.5	0.0666666666666667	"bglmm"	4	248	60
"249.5"	0.5	0.0333333333333333	"bglmm"	2	249	60
"250.5"	0.5	0.05	"bglmm"	3	250	60
"251.5"	0.5	0.05	"bglmm"	3	251	60
"252.5"	0.5	0.166666666666667	"bglmm"	10	252	60
"253.5"	0.5	0.0666666666666667	"bglmm"	4	253	60
"254.5"	0.5	0.05	"bglmm"	3	254	60
"255.5"	0.5	0.0333333333333333	"bglmm"	2	255	60
"256.5"	0.5	0.0833333333333333	"bglmm"	5	256	60
"257.5"	0.5	0.0666666666666667	"bglmm"	4	257	60
"258.5"	0.5	0.133333333333333	"bglmm"	7.99999999999998	258	60
"259.5"	0.5	0.05	"bglmm"	3	259	60
"260.5"	0.5	0.0333333333333333	"bglmm"	2	260	60
"261.5"	0.75	0	"bglmm"	0	261	60
"262.5"	0.75	0.05	"bglmm"	3	262	60
"263.5"	0.75	0.0333333333333333	"bglmm"	2	263	60
"264.5"	0.75	0	"bglmm"	0	264	60
"265.5"	0.75	0.05	"bglmm"	3	265	60
"266.5"	0.75	0.05	"bglmm"	3	266	60
"267.5"	0.75	0.0666666666666667	"bglmm"	4	267	60
"268.5"	0.75	0.0666666666666667	"bglmm"	4	268	60
"269.5"	0.75	0.0333333333333333	"bglmm"	2	269	60
"270.5"	0.75	0.0833333333333333	"bglmm"	5	270	60
"271.5"	0.75	0.15	"bglmm"	9	271	60
"272.5"	0.75	0.0833333333333333	"bglmm"	5	272	60
"273.5"	0.75	0.05	"bglmm"	3	273	60
"274.5"	0.75	0.0333333333333333	"bglmm"	2	274	60
"275.5"	0.75	0.0666666666666667	"bglmm"	4	275	60
"276.5"	0.75	0.05	"bglmm"	3	276	60
"277.5"	0.75	0.05	"bglmm"	3	277	60
"278.5"	0.75	0.0166666666666667	"bglmm"	1	278	60
"279.5"	0.75	0.0666666666666667	"bglmm"	4	279	60
"280.5"	0.75	0	"bglmm"	0	280	60
"281.5"	1	0.0333333333333333	"bglmm"	2	281	60
"282.5"	1	0.1	"bglmm"	6	282	60
"283.5"	1	0.05	"bglmm"	3	283	60
"284.5"	1	0.0333333333333333	"bglmm"	2	284	60
"285.5"	1	0.0166666666666667	"bglmm"	1	285	60
"286.5"	1	0.0166666666666667	"bglmm"	1	286	60
"287.5"	1	0.0833333333333333	"bglmm"	5	287	60
"288.5"	1	0.0666666666666667	"bglmm"	4	288	60
"289.5"	1	0	"bglmm"	0	289	60
"290.5"	1	0.0166666666666667	"bglmm"	1	290	60
"291.5"	1	0.05	"bglmm"	3	291	60
"292.5"	1	0.116666666666667	"bglmm"	7.00000000000002	292	60
"293.5"	1	0.0166666666666667	"bglmm"	1	293	60
"294.5"	1	0.05	"bglmm"	3	294	60
"295.5"	1	0.1	"bglmm"	6	295	60
"296.5"	1	0.0666666666666667	"bglmm"	4	296	60
"297.5"	1	0.0166666666666667	"bglmm"	1	297	60
"298.5"	1	0.05	"bglmm"	3	298	60
"299.5"	1	0.0666666666666667	"bglmm"	4	299	60
"300.5"	1	0	"bglmm"	0	300	60
"301.5"	0	0	"bglmm"	2	301	60
"302.5"	0	0	"bglmm"	3	302	60
"303.5"	0	0	"bglmm"	0	303	60
"304.5"	0	0	"bglmm"	0	304	60
"305.5"	0	0	"bglmm"	2	305	60
"306.5"	0	0	"bglmm"	1	306	60
"307.5"	0	0	"bglmm"	2	307	60
"308.5"	0	0	"bglmm"	2	308	60
"309.5"	0	0	"bglmm"	2	309	60
"310.5"	0	0	"bglmm"	4	310	60
"311.5"	0	0	"bglmm"	1	311	60
"312.5"	0	0	"bglmm"	1	312	60
"313.5"	0	0	"bglmm"	5	313	60
"314.5"	0	0	"bglmm"	1	314	60
"315.5"	0	0	"bglmm"	3	315	60
"316.5"	0	0	"bglmm"	0	316	60
"317.5"	0	0	"bglmm"	6	317	60
"318.5"	0	0	"bglmm"	3	318	60
"319.5"	0	0	"bglmm"	1	319	60
"320.5"	0	0	"bglmm"	3	320	60
"321.5"	0.25	0	"bglmm"	3	321	60
"322.5"	0.25	0	"bglmm"	2	322	60
"323.5"	0.25	0	"bglmm"	1	323	60
"324.5"	0.25	0	"bglmm"	5	324	60
"325.5"	0.25	0	"bglmm"	7.00000000000002	325	60
"326.5"	0.25	0	"bglmm"	3	326	60
"327.5"	0.25	0	"bglmm"	6	327	60
"328.5"	0.25	0	"bglmm"	4	328	60
"329.5"	0.25	0	"bglmm"	1	329	60
"330.5"	0.25	0	"bglmm"	3	330	60
"331.5"	0.25	0	"bglmm"	0	331	60
"332.5"	0.25	0	"bglmm"	1	332	60
"333.5"	0.25	0	"bglmm"	5	333	60
"334.5"	0.25	0	"bglmm"	5	334	60
"335.5"	0.25	0	"bglmm"	5	335	60
"336.5"	0.25	0	"bglmm"	2	336	60
"337.5"	0.25	0	"bglmm"	2	337	60
"338.5"	0.25	0	"bglmm"	3	338	60
"339.5"	0.25	0	"bglmm"	0	339	60
"340.5"	0.25	0	"bglmm"	4	340	60
"341.5"	0.5	0	"bglmm"	4	341	60
"342.5"	0.5	0	"bglmm"	4	342	60
"343.5"	0.5	0	"bglmm"	5	343	60
"344.5"	0.5	0	"bglmm"	2	344	60
"345.5"	0.5	0	"bglmm"	4	345	60
"346.5"	0.5	0	"bglmm"	5	346	60
"347.5"	0.5	0	"bglmm"	6	347	60
"348.5"	0.5	0	"bglmm"	4	348	60
"349.5"	0.5	0	"bglmm"	2	349	60
"350.5"	0.5	0	"bglmm"	3	350	60
"351.5"	0.5	0	"bglmm"	3	351	60
"352.5"	0.5	0	"bglmm"	10	352	60
"353.5"	0.5	0	"bglmm"	4	353	60
"354.5"	0.5	0	"bglmm"	3	354	60
"355.5"	0.5	0	"bglmm"	2	355	60
"356.5"	0.5	1	"bglmm"	5	356	60
"357.5"	0.5	0	"bglmm"	4	357	60
"358.5"	0.5	0	"bglmm"	7.99999999999998	358	60
"359.5"	0.5	0	"bglmm"	3	359	60
"360.5"	0.5	0	"bglmm"	2	360	60
"361.5"	0.75	0	"bglmm"	0	361	60
"362.5"	0.75	0	"bglmm"	3	362	60
"363.5"	0.75	0	"bglmm"	2	363	60
"364.5"	0.75	0	"bglmm"	0	364	60
"365.5"	0.75	0	"bglmm"	3	365	60
"366.5"	0.75	0	"bglmm"	3	366	60
"367.5"	0.75	0	"bglmm"	4	367	60
"368.5"	0.75	0	"bglmm"	4	368	60
"369.5"	0.75	0	"bglmm"	2	369	60
"370.5"	0.75	0	"bglmm"	5	370	60
"371.5"	0.75	0	"bglmm"	9	371	60
"372.5"	0.75	0	"bglmm"	5	372	60
"373.5"	0.75	0	"bglmm"	3	373	60
"374.5"	0.75	0	"bglmm"	2	374	60
"375.5"	0.75	0	"bglmm"	4	375	60
"376.5"	0.75	0	"bglmm"	3	376	60
"377.5"	0.75	0	"bglmm"	3	377	60
"378.5"	0.75	0	"bglmm"	1	378	60
"379.5"	0.75	1	"bglmm"	4	379	60
"380.5"	0.75	0	"bglmm"	0	380	60
"381.5"	1	0	"bglmm"	2	381	60
"382.5"	1	0	"bglmm"	6	382	60
"383.5"	1	0	"bglmm"	3	383	60
"384.5"	1	0	"bglmm"	2	384	60
"385.5"	1	0	"bglmm"	1	385	60
"386.5"	1	0	"bglmm"	1	386	60
"387.5"	1	0	"bglmm"	5	387	60
"388.5"	1	0	"bglmm"	4	388	60
"389.5"	1	0	"bglmm"	0	389	60
"390.5"	1	0	"bglmm"	1	390	60
"391.5"	1	0	"bglmm"	3	391	60
"392.5"	1	0	"bglmm"	7.00000000000002	392	60
"393.5"	1	0	"bglmm"	1	393	60
"394.5"	1	0	"bglmm"	3	394	60
"395.5"	1	0	"bglmm"	6	395	60
"396.5"	1	0	"bglmm"	4	396	60
"397.5"	1	0	"bglmm"	1	397	60
"398.5"	1	0	"bglmm"	3	398	60
"399.5"	1	0	"bglmm"	4	399	60
"400.5"	1	0	"bglmm"	0	400	60
"401.5"	0	0	"bglmm"	2	401	60
"402.5"	0	0	"bglmm"	3	402	60
"403.5"	0	0	"bglmm"	0	403	60
"404.5"	0	0	"bglmm"	0	404	60
"405.5"	0	0	"bglmm"	2	405	60
"406.5"	0	0	"bglmm"	1	406	60
"407.5"	0	0	"bglmm"	2	407	60
"408.5"	0	0	"bglmm"	2	408	60
"409.5"	0	0	"bglmm"	2	409	60
"410.5"	0	0	"bglmm"	4	410	60
"411.5"	0	0	"bglmm"	1	411	60
"412.5"	0	0	"bglmm"	1	412	60
"413.5"	0	0	"bglmm"	5	413	60
"414.5"	0	0	"bglmm"	1	414	60
"415.5"	0	0	"bglmm"	3	415	60
"416.5"	0	0	"bglmm"	0	416	60
"417.5"	0	0	"bglmm"	6	417	60
"418.5"	0	0	"bglmm"	3	418	60
"419.5"	0	0	"bglmm"	1	419	60
"420.5"	0	0	"bglmm"	3	420	60
"421.5"	0.25	0	"bglmm"	3	421	60
"422.5"	0.25	0	"bglmm"	2	422	60
"423.5"	0.25	0	"bglmm"	1	423	60
"424.5"	0.25	0	"bglmm"	5	424	60
"425.5"	0.25	0	"bglmm"	7.00000000000002	425	60
"426.5"	0.25	0	"bglmm"	3	426	60
"427.5"	0.25	0	"bglmm"	6	427	60
"428.5"	0.25	0	"bglmm"	4	428	60
"429.5"	0.25	0	"bglmm"	1	429	60
"430.5"	0.25	0	"bglmm"	3	430	60
"431.5"	0.25	0	"bglmm"	0	431	60
"432.5"	0.25	0	"bglmm"	1	432	60
"433.5"	0.25	0	"bglmm"	5	433	60
"434.5"	0.25	0	"bglmm"	5	434	60
"435.5"	0.25	0	"bglmm"	5	435	60
"436.5"	0.25	0	"bglmm"	2	436	60
"437.5"	0.25	0	"bglmm"	2	437	60
"438.5"	0.25	0	"bglmm"	3	438	60
"439.5"	0.25	0	"bglmm"	0	439	60
"440.5"	0.25	0	"bglmm"	4	440	60
"441.5"	0.5	0	"bglmm"	4	441	60
"442.5"	0.5	0	"bglmm"	4	442	60
"443.5"	0.5	0	"bglmm"	5	443	60
"444.5"	0.5	0	"bglmm"	2	444	60
"445.5"	0.5	0	"bglmm"	4	445	60
"446.5"	0.5	0	"bglmm"	5	446	60
"447.5"	0.5	0	"bglmm"	6	447	60
"448.5"	0.5	0	"bglmm"	4	448	60
"449.5"	0.5	0	"bglmm"	2	449	60
"450.5"	0.5	0	"bglmm"	3	450	60
"451.5"	0.5	0	"bglmm"	3	451	60
"452.5"	0.5	0	"bglmm"	10	452	60
"453.5"	0.5	0	"bglmm"	4	453	60
"454.5"	0.5	0	"bglmm"	3	454	60
"455.5"	0.5	0	"bglmm"	2	455	60
"456.5"	0.5	1	"bglmm"	5	456	60
"457.5"	0.5	0	"bglmm"	4	457	60
"458.5"	0.5	0	"bglmm"	7.99999999999998	458	60
"459.5"	0.5	0	"bglmm"	3	459	60
"460.5"	0.5	0	"bglmm"	2	460	60
"461.5"	0.75	0	"bglmm"	0	461	60
"462.5"	0.75	0	"bglmm"	3	462	60
"463.5"	0.75	0	"bglmm"	2	463	60
"464.5"	0.75	0	"bglmm"	0	464	60
"465.5"	0.75	0	"bglmm"	3	465	60
"466.5"	0.75	0	"bglmm"	3	466	60
"467.5"	0.75	0	"bglmm"	4	467	60
"468.5"	0.75	0	"bglmm"	4	468	60
"469.5"	0.75	0	"bglmm"	2	469	60
"470.5"	0.75	0	"bglmm"	5	470	60
"471.5"	0.75	0	"bglmm"	9	471	60
"472.5"	0.75	0	"bglmm"	5	472	60
"473.5"	0.75	0	"bglmm"	3	473	60
"474.5"	0.75	0	"bglmm"	2	474	60
"475.5"	0.75	0	"bglmm"	4	475	60
"476.5"	0.75	0	"bglmm"	3	476	60
"477.5"	0.75	0	"bglmm"	3	477	60
"478.5"	0.75	0	"bglmm"	1	478	60
"479.5"	0.75	0	"bglmm"	4	479	60
"480.5"	0.75	0	"bglmm"	0	480	60
"481.5"	1	0	"bglmm"	2	481	60
"482.5"	1	0	"bglmm"	6	482	60
"483.5"	1	0	"bglmm"	3	483	60
"484.5"	1	0	"bglmm"	2	484	60
"485.5"	1	0	"bglmm"	1	485	60
"486.5"	1	0	"bglmm"	1	486	60
"487.5"	1	0	"bglmm"	5	487	60
"488.5"	1	0	"bglmm"	4	488	60
"489.5"	1	0	"bglmm"	0	489	60
"490.5"	1	0	"bglmm"	1	490	60
"491.5"	1	0	"bglmm"	3	491	60
"492.5"	1	0	"bglmm"	7.00000000000002	492	60
"493.5"	1	0	"bglmm"	1	493	60
"494.5"	1	0	"bglmm"	3	494	60
"495.5"	1	0	"bglmm"	6	495	60
"496.5"	1	0	"bglmm"	4	496	60
"497.5"	1	0	"bglmm"	1	497	60
"498.5"	1	0	"bglmm"	3	498	60
"499.5"	1	0	"bglmm"	4	499	60
"500.5"	1	0	"bglmm"	0	500	60
